2.9838
2.35986
1.19132
1.65028
4.21621
2.00608
0.986847
3.30678
1.75249
2.94292
2.74331
3.18806
3.78571
0.804578
4.08424
0.571272
3.39567
2.32896
2.83176
1.73855
2.12701
1.34415
3.54726
2.60505
1.04324
2.24982
1.72135
1.4392
4.95319
3.30906
2.08928
2.40371
0.19673
2.32364
1.72867
1.63137
0.886496
2.26787
1.17558
0.676716
0.842031
1.67065
1.53203
2.21291
1.29217
1.75648
1.48794
0.319308
2.62956
1.31196
1.87611
2.42319
2.28108
1.78113
2.89595
2.87592
0.427064
1.50205
2.23854
0.554372
1.62629
1.66299
1.50908
1.05026
3.36123
0.886502
2.79758
1.72235
3.98173
2.46288
1.57579
0.656156
4.90995
1.6384
1.90428
2.43489
1.87906
1.24017
1.26432
1.4401
0.750198
2.41666
1.92929
3.27987
0.703556
0.741417
0.941512
1.46469
1.13043
0.508435
3.39994
3.17572
4.51072
2.63771
1.50034
2.25206
1.19707
1.54435
0.891548
5.66623
2.05451
1.65306
1.46596
3.05086
0.641478
1.70959
0.484858
2.93648
2.25073
2.29517
1.93105
2.48951
2.52665
1.48913
0.828909
1.0447
1.9615
2.27757
0.790799
1.18889
2.44439
1.21921
0.972232
3.11145
1.09463
1.12009
1.11709
0.271396
2.25262
0.444708
1.50359
1.01512
1.10743
0.164409
1.52686
1.32621
3.34768
1.65596
2.3338
2.13014
3.04845
1.61658
3.00734
2.70313
2.98028
0.115463
2.85763
1.0173
1.50852
2.77255
1.8488
4.63523
2.94594
2.00416
1.99465
3.52544
4.73479
3.74972
1.9498
1.13134
2.42014
0.60673
2.33096
0.370537
2.47455
4.0643
2.72249
2.17186
3.69114
1.61532
1.90949
1.73
1.97397
2.09122
2.32434
1.62699
0.532967
1.20177
0.76532
1.83523
1.12074
1.91511
0.784801
3.26264
2.67348
4.52319
2.71831
1.90885
2.41847
0.674882
1.89573
1.52808
1.45145
1.60223
1.02763
0.155628
2.50868
2.35205
0.850559
2.83753
0.787732
1.41097
2.28093
2.25465
1.16951
3.43789
1.34018
1.6685
2.45387
0.527565
3.09049
1.53267
2.53584
3.44014
1.18808
0.539671
1.20918
2.77164
1.95801
0.271328
1.41685
1.3379
2.60376
1.08219
2.92942
2.32157
4.23409
0.817478
1.61945
2.4654
2.833
1.81792
0.686367
4.96858
1.96977
1.01701
3.04396
2.11956
0.502602
2.4882
1.26404
1.2664
0.987407
4.48335
2.34125
2.08104
1.55701
0.854022
2.52835
4.52
2.82818
1.65848
1.33305
4.49831
3.18043
3.69418
0.379994
0.376399
3.08088
6.55352
2.1182
2.38395
4.22393
3.82092
3.56243
1.219
3.52513
2.28803
1.99137
3.50613
2.80209
0.866595
3.15979
1.06337
3.48839
1.54478
2.19746
2.09222
3.59272
3.191
1.44967
1.52762
3.23537
2.11985
1.60797
3.02444
2.26393
2.4865
0.666989
2.89089
2.08082
1.38112
1.19537
1.23435
0.348315
3.3143
2.28734
0.531896
1.5199
4.41779
5.27431
1.32732
0.784264
3.33853
1.69159
1.14048
2.30102
4.02278
2.58534
3.76475
2.00023
1.1391
3.0999
2.7643
2.2067
1.49829
0.750036
1.44049
0.684898
1.34091
0.153136
0.328841
3.81022
2.69397
1.96586
2.38819
2.65561
2.35037
2.00377
2.84163
0.706579
1.81591
0.523885
2.23784
3.21876
2.65166
3.69811
1.43144
2.69731
1.51006
2.24457
1.84969
1.79522
1.28468
2.73259
1.21668
1.14256
1.18532
0.93211
1.98231
2.85818
3.59503
0.395622
4.2983
0.483448
3.63146
1.54366
1.32998
3.07761
2.28223
1.62702
5.14431
0.435759
2.55437
1.48475
2.66564
2.81568
0.295176
2.69686
2.96643
1.76934
3.22947
4.6546
1.58678
1.34954
1.41031
0.392883
3.35657
3.12114
2.57701
2.08535
1.85027
3.26715
2.54931
2.48801
1.99201
1.15852
2.39756
0.533045
1.98015
2.31676
1.50753
1.44324
3.92409
2.88838
3.32677
3.43884
2.6535
1.8192
0.814923
4.12274
0.50113
3.01729
2.44998
3.16065
1.79687
0.873936
1.37195
2.82157
2.83516
1.76409
1.36777
2.34587
0.689225
2.27794
1.98378
3.95451
1.80795
2.49064
0.940282
2.45492
1.1829
0.81846
1.78523
3.92293
0.177414
0.964167
1.30269
1.44581
1.48543
1.74945
4.02148
1.67759
2.36139
1.93786
3.47118
1.24824
1.48705
4.37851
1.67779
3.12697
1.22323
1.22909
2.46379
1.00662
0.953284
0.804206
1.73799
1.20306
0.9391
0.67932
1.16648
1.79989
1.38183
1.9076
3.74512
1.43373
0.958971
1.80629
0.705773
1.29916
0.870484
1.3374
3.35949
5.54194
1.34684
0.950475
1.67837
1.87545
2.86757
2.05959
1.74401
2.53649
4.64095
1.24892
2.46252
3.48804
5.67297
1.63619
0.816724
0.4389
2.16245
1.92153
1.21228
2.8108
2.65814
1.76273
2.00992
3.27957
2.84271
1.7154
1.34631
0.258135
4.67324
0.555101
0.765002
2.28165
0.583924
0.193786
2.97175
1.6481
2.97235
1.44259
2.0668
3.29484
3.17123
2.22001
0.786869
1.77836
1.73952
1.6069
2.57403
0.648372
1.45424
2.88811
0.527409
2.49598
3.07408
3.37997
4.08132
0.943903
3.08842
1.62435
1.83551
0.863587
1.86497
0.369284
4.24813
3.34865
2.40092
3.45296
2.26592
2.44141
3.09054
2.24728
3.29067
2.15884
1.46382
2.78258
1.49757
2.50786
2.38234
1.49108
2.68134
1.10772
2.11527
1.82778
1.63783
2.34128
2.73845
2.63896
1.21717
1.32958
2.65648
4.94322
1.84488
3.5707
1.50867
4.66943
2.74415
2.0018
1.50135
1.59216
4.6998
0.914815
0.887516
0.584651
2.42419
1.51047
2.45927
1.70683
2.62102
2.63092
2.29622
0.838171
1.92765
2.15432
0.736442
2.70036
0.770284
0.336482
1.85353
1.7798
1.28932
2.75901
0.527814
1.66669
2.90352
1.59054
1.61551
0.98213
2.83275
2.3661
3.83683
0.781066
1.73504
5.34011
1.6978
0.805089
2.36931
2.49485
1.32554
3.0702
2.05301
4.3265
2.85576
3.55927
3.04207
4.3592
3.41876
1.87373
1.29288
0.660874
1.50819
0.682506
3.20146
1.4263
1.44062
3.18838
1.92834
3.028
2.48281
1.58328
0.740958
1.70278
3.1492
4.01315
1.66662
2.53159
2.016
3.15973
0.809404
2.63929
1.25059
1.82233
1.7091
0.907597
4.03156
2.87039
1.92871
1.89104
1.76548
0.521213
0.590725
3.09734
2.10309
2.21577
0.865915
1.27272
1.13296
1.91995
3.88149
3.08534
2.08448
2.11201
1.24137
1.18753
4.83807
4.06371
1.81073
2.50359
2.66785
0.473058
2.85553
1.77735
0.457393
1.1191
3.40926
0.559392
2.12445
1.42521
0.96535
7.32192
3.02733
1.7034
2.98983
0.90123
3.56441
1.11989
3.16442
2.80871
3.56315
2.62434
2.80598
0.867149
1.34243
1.67195
3.90783
1.48086
0.455508
3.37037
3.18696
1.68207
1.77531
0.814452
1.56271
0.739572
2.47974
1.98098
5.31303
3.5186
2.61569
2.57171
2.5667
1.30001
1.85462
0.656523
0.689178
0.534784
1.3577
1.76773
2.62297
1.69334
1.18337
0.389703
2.1895
2.06049
2.86997
1.3104
1.89319
1.62838
2.1247
1.10939
2.01394
2.26481
1.88819
1.15981
1.18658
1.92623
2.22025
2.8095
0.748143
0.855773
2.87271
0.125468
3.13129
2.55277
2.26062
0.838483
1.88668
5.2431
0.225998
1.64303
1.90137
2.31751
1.74515
0.175717
1.43063
3.35247
4.16242
4.39807
1.20659
0.216576
3.67265
3.3856
2.98017
2.45379
1.87961
2.80841
2.27228
2.4146
2.45032
2.37343
1.8238
2.98239
2.57131
3.80342
2.19135
1.76655
1.04235
2.06325
3.222
2.2447
2.44918
4.94002
2.18558
3.34821
1.41723
3.77487
2.11188
1.15309
1.11881
1.70246
1.03722
4.38947
2.28526
3.99164
0.481792
1.31057
3.76562
1.24614
3.08018
3.03872
1.87657
2.48794
0.108786
2.37759
1.12471
0.952145
5.54356
2.7505
0.875753
1.8208
1.16362
2.10659
1.08337
3.96644
2.17124
0.48776
2.04643
0.690855
2.18506
1.48433
0.792973
1.78686
2.9195
3.60968
3.17017
1.23704
2.40156
2.05534
1.44097
0.844707
0.825051
0.178995
2.61586
2.65771
1.27559
3.14938
3.58645
2.19047
1.97644
1.27809
2.91614
2.7379
2.87924
1.54835
2.12672
2.39765
1.33985
1.80457
2.33168
0.9997
4.18847
0.545751
2.93062
2.9079
1.67845
2.38869
0.764369
1.33749
2.47504
1.53813
1.41927
3.1596
1.87552
1.34643
2.15572
1.41528
1.8645
1.70748
4.63735
1.61785
1.6803
1.66136
3.32139
3.77266
4.11777
2.36044
1.61331
2.6924
2.13999
0.748617
1.64371
2.50866
4.33528
1.26999
1.10804
1.33379
2.94924
0.671599
1.88597
0.949796
1.30015
4.70555
1.02561
2.34092
0.990041
0.771282
1.49669
1.64938
0.777548
1.5073
0.488756
0.671607
1.4283
4.34209
1.23024
1.83845
0.842098
4.52631
0.630273
0.815075
1.24408
2.02093
1.75021
2.05907
0.284183
3.5234
0.093241
1.89015
2.47861
3.66952
1.86001
1.57249
1.98598
3.27787
2.64655
3.60517
2.98407
1.50371
2.50229
2.669
2.95623
1.92015
1.00153
1.82002
2.70102
2.25831
2.46907
2.22171
2.40263
2.75547
2.7172
0.962533
1.36554
2.11165
3.55429
2.27369
3.08587
2.29891
2.16159
1.91566
1.63006
3.95182
1.14631
5.1163
1.88836
2.16179
2.52516
2.30275
0.981637
0.950664
2.48047
2.51168
2.52789
2.35357
3.16303
0.75594
0.33206
2.01942
3.22065
0.870824
0.745851
2.8819
1.47374
1.96412
2.35943
1.80044
3.36138
3.89765
0.308902
1.64008
2.66789
2.33757
2.4909
3.75467
2.97634
1.74718
0.703051
1.88747
0.704029
1.58108
1.31763
2.1967
2.26953
3.86435
2.81201
4.31169
0.970845
2.53603
2.27931
1.77207
0.842991
1.93414
2.11409
1.74939
2.3444
4.59819
3.63525
1.71027
0.0645721
1.22594
2.1928
2.8321
3.97408
2.24861
3.51877
1.93521
2.67793
3.82454
1.40523
2.58564
1.50465
2.2973
2.33611
3.86313
1.40792
0.858567
3.73394
2.11089
1.07069
1.59769
1.85832
1.17526
2.84048
2.78497
1.66101
1.71579
1.83343
1.69012
2.73576
2.36163
2.15317
1.29312
1.08819
1.97406
2.36158
0.91117
1.15388
1.40538
2.58474
0.951301
0.327474
0.716262
2.56985
1.0599
2.35352
2.43171
0.334693
2.48757
1.651
1.43904
0.145689
1.32169
2.67042
1.08534
1.35574
0.612882
2.75156
3.2837
2.54165
3.24276
1.68062
0.0265096
0.436535
2.05536
3.1386
2.00453
0.528947
1.38357
1.13679
0.844403
3.02294
2.64504
2.67519
1.06961
0.807683
3.63338
2.6931
0.621595
0.720297
3.08666
1.45506
0.81737
1.50757
4.44461
3.71686
2.30215
2.29109
4.76093
1.98324
1.10867
1.60289
1.32584
2.29325
1.54187
3.37496
1.62525
0.592087
0.83151
2.59687
2.46077
1.7264
2.48549
2.53583
1.45031
1.14925
0.843666
2.70603
4.13115
5.003
2.32429
3.53137
0.805754
1.74668
0.972867
1.75755
2.61719
2.03919
0.457886
1.57447
0.657465
1.21683
2.69345
2.56911
1.20904
1.54243
2.11361
3.36564
3.64765
4.40537
0.518829
2.32791
1.8854
2.01527
2.06197
3.57379
1.58629
1.46584
1.08335
1.16133
3.62988
1.0503
0.934076
2.42627
0.697344
2.52851
4.02554
1.93337
2.01107
1.23475
2.82477
1.72304
0.589179
1.67801
1.21043
1.10665
3.2899
4.08401
2.58004
2.16212
2.82645
1.56949
3.00466
2.38217
1.14151
3.77067
0.695173
1.49466
3.92468
2.12394
2.17896
1.14808
2.23606
1.27145
0.743179
1.80844
2.45504
1.85134
1.50391
1.40557
0.560052
1.48002
1.96806
1.46599
2.15024
1.55151
1.94495
2.43739
0.74582
0.895545
1.16529
2.03312
2.87465
1.34604
1.40585
2.74817
1.73176
1.51493
1.45719
0.641205
0.983653
2.10788
3.1945
1.19965
1.9901
1.45869
1.72942
3.47036
1.87697
2.47791
2.94488
1.04911
2.14314
1.05367
1.47646
1.0749
2.56
2.59602
1.07352
3.18256
1.24744
2.50533
3.04496
2.52544
0.910904
1.86584
2.51582
1.02793
2.28897
3.5419
2.52824
2.36107
0.0468113
2.26034
0.808286
0.716247
2.24491
2.8258
1.76196
0.66064
0.696112
2.96236
3.06209
1.63307
2.98675
1.6371
0.792795
1.60863
4.2441
2.08254
2.25473
1.00511
0.705133
3.57524
2.19607
2.12375
2.14536
3.23345
3.68722
2.25255
0.881187
0.356241
1.29442
0.613561
3.27268
0.296475
2.33029
1.90278
1.79974
1.08932
2.97151
2.34266
1.51331
4.36097
2.66826
1.99315
1.10424
2.84908
1.14358
1.76925
1.79136
1.21967
2.41135
0.891848
1.65519
1.47538
0.871263
1.38251
2.13022
1.60234
2.4599
2.31268
1.26176
5.43485
2.81247
2.07507
2.47012
2.16318
1.0506
2.32887
1.1259
0.45673
0.997892
1.26657
3.0832
3.56534
1.87
0.610291
1.49134
0.267766
0.493261
2.25081
3.74701
1.10478
1.74662
2.1361
1.80804
0.722384
0.776234
3.18672
0.312726
1.01633
3.12341
1.15104
3.2552
5.10912
2.65296
1.14734
2.3952
0.407168
2.30847
2.8688
2.86454
2.28352
3.22025
1.90294
2.79892
1.0582
2.50932
1.72353
1.08124
3.28743
1.35316
1.04977
3.4792
2.43186
1.48234
3.13779
2.92479
1.73138
1.63997
1.74173
0.906872
1.45831
1.39399
2.32631
2.5569
0.769302
2.84299
1.82494
4.18385
1.86072
2.96045
2.74092
3.07146
0.826305
2.72523
2.12796
2.65105
3.38155
2.92685
0.936422
4.27701
2.08269
3.01556
1.66535
2.59823
0.455558
4.0716
2.92019
1.28286
1.63718
3.29463
1.50339
0.0280605
2.14495
4.31056
4.04459
2.45434
3.03171
2.00523
1.95374
0.998377
2.80405
1.6343
1.72878
1.3289
1.18467
3.49993
1.78557
2.77771
0.499576
2.73482
2.27066
1.89782
2.00508
3.797
2.22614
3.26103
1.88545
1.37172
0.471302
3.58372
0.961091
1.75795
1.74102
0.288994
1.8496
0.970836
1.39783
0.776329
1.64748
2.56898
3.86585
3.11532
3.33242
2.78833
1.40535
0.962386
2.36589
0.853641
1.00321
0.438907
3.96437
3.87299
2.07405
2.61993
3.35406
1.68731
2.44162
1.79128
2.57242
2.08989
1.51008
0.930846
1.93394
3.25838
1.63363
1.79793
2.39309
0.443353
1.02493
1.29337
1.38607
1.21188
0.804271
1.42431
3.7595
1.42722
3.42233
1.95549
2.92304
1.85654
2.37782
0.666076
1.67025
0.744981
2.98391
0.295031
3.14953
0.61811
2.36
2.14896
2.97295
0.623397
0.763275
1.0275
3.93489
1.97751
1.80409
3.61176
0.611978
2.65124
2.17663
3.70989
1.17656
1.99184
2.13105
0.598285
1.91955
1.73639
4.4371
2.54074
1.27752
2.30989
1.78498
1.24663
2.50123
1.09824
0.794708
1.80663
4.98718
2.20572
1.60046
0.638745
0.736441
1.36646
1.08181
1.06228
0.837997
2.1301
1.10939
2.37351
0.385802
4.13358
1.48458
0.423651
2.16385
3.25713
2.44554
0.971544
1.00237
2.48742
2.25811
2.38379
1.47347
0.826705
4.2613
2.27194
0.913007
1.09147
0.881929
1.94069
2.78054
1.80514
1.14678
1.18213
2.22123
2.22355
2.53481
1.18818
2.46272
0.570995
1.12616
1.06632
1.20785
1.63364
1.28503
3.23779
0.806414
2.55661
4.6429
0.964119
0.464093
1.08099
1.38524
1.66787
3.45534
0.909143
2.9968
3.78896
1.32829
1.00614
0.717463
2.82524
2.01553
4.7035
0.88223
3.74996
1.69368
2.28929
2.40098
2.78031
1.79686
1.11769
3.58786
4.58269
0.718548
2.47599
1.89575
3.71195
2.23769
1.11442
2.70233
2.64481
0.398009
4.57169
0.708799
2.8309
1.58359
3.38478
3.33243
2.88159
2.63214
2.10485
0.967952
4.09358
1.61133
1.70475
1.28505
2.34088
2.39307
0.815872
2.70448
1.67918
1.98543
4.40618
2.97327
1.15759
1.07022
3.54247
0.385616
1.37362
1.61789
1.00917
1.45015
3.78294
1.7648
3.94138
2.31887
1.65869
1.05179
2.07559
2.13311
0.661151
1.46766
1.86552
2.32353
3.64972
2.85312
2.6001
1.56164
0.668349
2.49664
0.581948
0.972203
2.01898
3.64252
1.4169
1.10142
2.16006
0.708938
3.47638
0.943773
2.05242
0.906182
1.49781
1.27656
1.32211
1.24987
2.0691
3.17212
0.901184
1.67692
1.70453
4.48172
0.325404
0.676635
0.590864
1.5705
3.85063
1.73548
1.41582
2.67163
1.20076
1.72335
3.32262
0.753925
1.40468
2.46424
2.4643
0.9845
2.40737
3.38802
1.43876
3.15938
0.931618
1.83628
2.16239
4.03663
2.09926
0.735149
1.70306
1.49524
3.22234
2.41897
0.674057
1.9474
2.77761
1.84821
2.64713
0.697828
1.66618
2.63877
0.859164
1.38287
2.3239
2.08549
2.31698
2.88175
2.72697
1.27956
1.87835
1.80512
1.85723
2.63383
2.20871
2.92436
3.0429
2.71898
2.36718
2.28674
2.13131
2.57702
2.97497
2.22156
2.42295
1.79343
0.4634
1.71279
0.795179
2.04898
1.67458
2.69844
1.68342
1.93224
1.32441
2.03056
2.46148
2.56208
0.068647
1.77364
1.22382
2.77694
4.66828
1.17721
1.76376
1.98563
3.8385
2.52
1.09812
1.1258
3.06624
0.396048
4.26115
0.627711
2.13831
0.781269
3.10017
2.375
3.31742
2.09848
3.58665
0.887732
4.24044
1.78685
2.87308
0.497597
3.13509
1.93466
2.36114
0.371814
1.62046
1.39914
2.1299
1.39188
2.6672
2.18921
2.54548
1.14175
1.1544
2.20468
0.615992
0.75851
0.295021
1.83646
2.32335
2.30567
0.386959
2.35392
2.10168
3.56052
0.735774
1.81295
1.82474
2.4074
2.44303
3.47414
2.83027
1.01818
0.602659
2.66397
3.8696
0.838108
0.74635
0.642295
0.344259
3.83524
1.56136
1.46741
0.595536
3.14883
2.56885
1.16599
3.1882
3.97202
2.64347
1.97519
1.47087
0.859393
3.77012
0.785626
1.76072
0.949235
1.00924
3.09289
0.782529
2.01754
1.89145
2.95425
2.3209
2.85076
2.25898
2.19964
0.484572
1.49902
1.48607
2.89338
1.36436
4.42808
2.15604
5.18621
2.84691
1.68958
3.27053
1.33665
4.48033
0.922271
1.63895
1.07824
2.05493
1.18641
2.17493
3.57023
3.63367
2.73155
2.94596
1.82158
2.96252
2.71501
0.834763
1.74136
2.96083
2.62139
1.29354
1.58939
2.86257
1.26545
2.67734
0.964671
3.02363
3.62861
1.08743
1.23911
3.24197
2.27364
2.489
1.75271
3.23593
2.82586
1.05716
1.76753
0.685617
1.45068
1.89282
2.67649
1.25429
3.32384
3.1691
3.60911
1.74495
1.77511
1.73858
1.19505
1.19357
1.11049
2.23511
1.03781
1.49541
1.85729
2.0769
1.36986
2.60551
3.70121
1.01439
2.22098
0.636587
2.42789
2.40309
1.35435
0.744231
2.52232
2.48755
2.39718
2.59239
1.99771
2.04789
2.78976
1.23608
1.17446
2.36184
3.47961
0.623656
2.28439
0.557351
2.54896
2.25778
3.34164
1.21349
3.06431
1.204
1.4247
2.16853
1.34136
1.06192
1.26686
0.749282
0.880434
1.2617
3.74083
1.72689
3.61047
2.11201
1.68065
3.69868
0.225347
1.22321
1.38709
0.399814
0.882078
2.64821
2.57436
1.40474
0.793925
2.94555
4.30124
1.12566
1.06028
1.0888
0.267034
3.07748
1.35466
2.76525
1.38496
1.12416
2.85181
3.43161
1.061
2.65286
2.35289
0.577484
0.785489
0.75087
2.4013
1.40797
0.540551
0.806206
0.415435
0.584153
2.73194
1.74852
0.433207
1.16356
1.55092
1.66489
2.78604
0.872593
3.61154
1.84691
2.0324
3.16637
3.46617
3.15726
1.76282
2.98221
0.570997
2.41902
1.20869
1.35229
1.31708
2.25741
1.52278
2.70511
1.88276
3.66276
0.661571
3.48937
2.79097
1.86296
1.27527
1.16304
3.09511
3.00513
3.65552
2.43801
3.41235
3.10756
3.32553
2.41234
0.159876
2.33112
1.13264
3.08963
2.28051
1.72764
1.07261
1.78875
0.510116
1.35256
2.07299
2.27426
1.57056
2.12093
1.93674
1.50668
0.72373
0.706849
2.11073
2.52727
1.75208
1.12602
1.58758
2.26302
2.72812
0.937717
3.39986
0.573534
1.61558
1.7065
1.12707
4.15523
0.784512
2.77831
2.77973
0.477391
1.46999
1.50911
2.43659
0.398679
4.98265
1.17097
2.98171
1.79231
3.34656
2.52138
3.0464
1.44071
1.92284
1.08546
2.41539
0.622933
1.23654
1.85102
1.42099
0.385506
1.6288
1.32634
2.72731
0.518856
1.7495
1.16853
1.48569
0.386677
1.23378
0.694745
3.05736
1.6781
1.32202
0.942522
0.814083
1.54117
3.21885
2.11592
2.09916
4.76391
1.58741
0.68626
2.53837
1.79523
3.22955
0.483239
1.3557
2.45903
1.7594
4.14582
1.00872
1.85307
4.4792
0.790145
3.18177
1.39024
2.94804
0.379396
2.12056
2.14267
3.15544
2.37579
2.24238
1.37569
0.492989
2.6833
0.843099
0.853451
2.29623
1.63657
2.02127
0.879703
1.64849
2.19607
2.29552
3.53421
1.71409
3.25347
1.12501
1.19348
1.47217
3.35723
1.66751
2.43445
4.47959
1.60033
0.956078
2.29198
1.36415
3.87615
1.20201
2.4239
0.237721
3.36441
2.20637
1.00187
1.16641
0.673128
1.89552
2.34291
3.40019
2.57133
2.22947
1.04128
1.75255
0.5707
3.52523
1.58763
4.50851
3.14678
4.01504
1.23449
1.02232
1.79593
1.84804
1.91851
2.37285
1.38884
1.86171
2.24747
2.01589
2.34195
1.71515
0.551277
2.31255
3.27717
2.16577
3.04344
2.06882
0.887973
3.95308
1.47805
0.229163
1.46766
1.36893
2.81947
3.18576
4.90567
1.7758
0.524017
0.98243
1.51138
0.704634
3.65427
1.67446
1.54828
1.11272
2.14777
1.94567
1.03501
2.52566
2.4681
2.19183
2.77732
3.83538
3.14702
0.567791
2.07444
3.24993
1.55966
3.05514
2.33488
2.15062
3.22935
0.782748
4.40707
3.15205
1.72195
0.622876
1.28193
1.72896
0.604881
4.33297
2.60704
1.72135
2.06556
1.24678
0.525768
0.968834
2.40113
2.35207
2.83753
2.42023
1.97843
0.842369
1.17308
1.62962
2.29515
2.37329
3.51902
1.3697
1.70364
0.572679
2.01752
2.90972
2.51585
2.45557
1.43429
1.23532
2.06956
2.89056
3.70969
3.83396
2.03287
1.30932
1.31001
3.20547
1.66339
1.99424
2.5108
1.95963
2.55158
2.87471
1.66722
1.14156
1.21256
1.49661
1.38982
0.684318
1.35309
4.19832
1.88072
2.07744
2.2414
0.607104
0.780777
4.16995
1.71115
2.05382
0.928992
1.23416
2.61388
2.12165
1.40033
2.30971
1.91291
1.96944
1.9124
0.737843
2.12627
1.76628
1.45558
0.847963
2.66077
3.45693
2.45389
5.16326
4.41865
0.851863
1.53814
0.259219
2.01208
1.64372
0.369832
1.84718
3.09784
1.61729
0.0283582
2.06122
1.42544
1.18039
1.52143
0.506366
2.90963
1.24819
0.688773
3.08308
1.67656
1.35076
2.97462
3.61701
1.50233
2.56286
0.810543
4.072
1.66027
1.82868
1.43232
2.52287
2.65022
2.28979
0.606778
0.577976
1.41326
0.989571
0.695038
2.11756
0.572955
2.13805
3.29219
3.1111
3.85757
0.207271
2.2765
1.25212
1.41412
1.65807
1.50021
1.27583
2.74541
1.38903
3.55846
3.02858
2.45926
0.791521
1.42113
2.79122
1.93432
1.10678
1.62064
1.69394
2.6804
1.34567
1.04408
3.11623
2.43735
1.35472
1.49497
2.65227
2.28698
1.4586
1.2369
3.02822
1.11612
1.1427
2.58975
1.23594
2.1102
0.899389
2.28772
1.67871
1.28726
3.64199
3.7203
2.97655
1.16646
3.88003
2.26253
0.109696
3.08914
1.35569
3.11942
2.16753
1.56188
2.02286
1.64273
1.58872
1.23136
0.571405
3.8271
2.45354
2.57397
3.52449
1.75439
1.17335
1.02185
2.12966
1.46423
2.48464
2.35534
2.22009
3.00554
2.07926
3.43453
1.63739
1.89755
1.10121
2.80794
2.08785
1.04056
1.00505
0.657269
1.72441
2.34716
5.20545
1.34471
1.47192
2.58853
2.01181
3.17416
1.62161
1.42135
3.3164
3.75083
3.71056
1.34647
1.05955
1.64311
1.93971
1.11017
2.09636
1.48914
4.35973
3.59516
1.96117
2.54914
0.986742
2.51301
2.86958
2.06336
1.2036
0.608581
1.42246
1.77944
1.26321
1.83787
1.6884
0.392342
1.90743
0.70183
4.54807
1.89825
2.30635
1.99655
2.64093
1.08583
1.79897
1.44277
2.50623
3.37526
0.81712
3.10854
0.551951
3.05975
0.552433
4.69783
2.31353
0.426788
3.56941
1.66556
1.63665
3.55278
2.25676
1.81003
2.04701
1.27304
1.61549
1.93275
1.22253
2.80934
1.28174
2.0418
1.83586
2.1927
0.966601
3.13946
1.56801
1.95453
0.208543
1.41486
2.63754
1.67482
1.23384
1.37455
1.8278
2.38452
4.85695
2.3769
0.652601
4.98684
1.72707
1.36463
1.62321
4.15341
2.29573
1.30254
3.08895
1.13749
2.75996
1.13697
0.855578
2.72854
3.71205
1.39444
2.4605
0.634094
2.26623
2.02701
2.81876
2.40256
1.68613
2.47663
2.81572
1.57872
3.03878
3.13091
2.04716
2.84994
2.44283
3.99238
1.20884
2.23528
3.06853
2.3426
1.43442
1.45523
0.865064
6.14861
2.02647
0.682371
1.16222
0.914819
2.29874
2.34227
2.61602
1.08294
2.60624
2.21464
2.86369
3.43321
0.165431
1.41332
2.72851
0.252565
3.46606
0.287225
1.01236
0.610135
2.18044
2.65708
1.02494
2.34448
1.06655
2.23442
1.63254
2.71258
2.68648
1.35233
2.28553
2.97697
1.41113
2.96709
1.31879
0.920925
1.28421
2.95635
3.43488
1.3408
1.18586
1.95405
1.34425
1.88469
1.51801
2.35661
1.67233
1.78725
3.09998
1.75225
0.901091
0.616122
2.9272
1.01105
1.8981
3.49752
3.62503
0.525595
1.77334
2.72504
3.21385
3.99735
0.740718
1.14047
4.59521
3.18701
3.58979
2.13537
1.6332
0.904142
1.47186
2.08997
4.23555
5.39483
1.97119
1.51699
2.23331
2.17445
3.28104
3.51928
2.79171
1.78566
2.70179
1.59664
4.03035
2.81378
1.51106
2.40407
1.89185
3.79513
3.83549
3.49494
2.32232
2.82585
2.53197
1.4991
1.7628
1.25291
1.81874
2.59155
2.455
3.22007
2.02985
1.80722
1.34741
0.483642
1.01858
3.60762
3.20801
2.0046
3.08807
2.68302
2.14859
0.765598
2.42105
0.273611
1.79877
2.48097
0.983196
1.47994
1.12115
3.31726
2.98067
1.29793
2.24501
3.45381
0.965092
0.655598
3.4905
0.758138
0.597532
2.431
3.18277
1.61534
2.23454
1.58027
1.75252
3.83219
0.661191
2.8371
3.30904
0.996871
2.76126
0.712941
1.77987
1.68282
1.54155
0.80856
1.41582
0.561498
0.8703
1.5428
0.430895
3.10928
1.99483
0.963427
1.89967
3.5899
3.67426
4.22576
2.97848
0.863372
4.90062
0.292449
1.60239
1.06318
1.24727
2.16091
2.08582
2.34868
0.969348
0.440258
2.88316
2.23181
0.473638
2.2121
2.26789
1.17707
0.611367
1.74207
4.2383
2.09939
4.35787
4.50943
4.93368
1.47667
0.0610181
3.6335
2.86178
1.52003
1.82629
0.731432
2.09004
0.953145
1.31605
1.184
2.91227
2.29743
2.57618
3.14609
0.65691
1.58537
1.91983
1.42026
1.14104
4.17616
1.59566
0.773789
3.02824
2.02086
1.8098
3.5483
0.407757
0.492092
1.26134
1.68258
2.75105
3.24092
3.63834
3.47157
2.17287
0.75048
1.47143
1.72101
1.70939
0.58981
1.33965
1.84603
1.06593
0.500446
2.30098
2.06472
0.51957
1.14586
1.29981
4.05926
1.16008
2.36711
1.73688
1.82311
2.39773
3.36294
3.74908
1.47985
2.75762
0.628761
1.59345
2.9649
1.0741
4.52369
0.559766
0.593433
0.515634
1.11716
0.925096
1.21674
1.98795
4.24894
1.87661
1.20725
5.88067
0.881704
1.57099
3.64251
2.16942
1.56339
1.69559
1.16473
0.298933
2.23429
3.97559
2.33062
0.761439
2.29073
2.36825
1.67069
2.57318
2.19407
0.989775
2.4494
1.63936
2.36592
3.91809
2.59537
2.16986
2.92662
2.40793
1.96461
3.44579
1.42654
2.89638
3.18348
3.16901
2.04331
2.80319
2.23884
1.64167
0.468045
0.59212
0.560885
1.18007
1.24496
3.64247
1.46979
0.326216
3.81905
0.703881
1.41827
2.83658
0.714225
1.96954
1.08059
1.22712
1.76146
1.89363
1.0375
3.04437
1.97763
2.73561
1.5118
4.30931
1.00651
2.93256
0.726566
2.04085
2.05815
3.95232
0.756594
2.42859
1.32558
3.66975
1.57391
2.38989
2.50279
2.38166
1.07966
0.95947
1.66251
0.569221
0.885736
1.00703
1.74029
2.52439
2.03124
1.00985
1.05456
1.31305
0.873118
1.75423
1.42809
1.40277
1.48677
1.38275
2.83253
1.26193
0.388106
1.65362
3.75047
2.4575
0.969887
1.60421
0.856923
1.95007
1.77861
1.15197
0.591659
2.11198
1.27975
2.18586
2.62506
1.21684
0.694358
2.83529
1.21167
0.229532
2.69168
1.17606
2.05297
0.355808
2.14898
3.10364
2.55986
1.9858
3.76168
3.89186
1.42269
1.63049
1.60283
2.03403
4.01732
0.865253
1.70723
1.00847
2.24421
2.91108
1.69968
2.0132
1.35734
1.48835
1.70524
2.31419
3.84359
0.73688
2.09356
2.26904
1.46461
1.31257
1.66537
3.08816
1.67873
1.79616
1.43665
1.31079
2.08594
0.922234
1.87173
4.07908
0.364878
2.93511
2.614
0.685687
0.279998
2.5312
1.77658
2.82757
3.33106
0.925905
2.10204
2.08759
3.51432
2.33087
0.588734
1.62593
0.335555
1.53048
6.17216
1.82217
2.29682
0.510936
1.60969
2.51688
3.11861
1.54734
1.78636
1.20405
1.90197
2.43136
1.26759
2.22719
2.36117
0.998599
1.08354
2.69015
3.24629
2.93727
1.66804
2.34451
1.05346
2.66678
0.908391
0.804076
2.21603
2.86965
1.37848
1.84368
1.06044
1.19368
1.86814
2.4429
2.36222
1.86477
0.792535
1.28835
0.571953
2.23508
0.77504
3.53851
1.5796
1.87292
2.66285
3.8598
1.5504
2.21351
2.23082
1.66832
0.418531
0.235263
1.4854
3.53537
3.46972
2.60898
1.54977
3.14439
2.6958
1.61526
2.06108
2.77559
1.11292
3.26684
3.65871
2.45939
0.543756
1.27502
4.31882
0.681186
0.563327
1.55213
1.72364
0.492634
3.39421
0.445308
0.449102
1.31488
1.86838
3.391
2.11094
0.551563
2.81794
1.51954
3.34807
0.9916
3.53787
1.55852
2.73443
0.843235
1.72026
1.76454
1.43624
2.91736
1.1429
2.05295
0.856268
1.76901
1.72685
2.2438
1.34818
5.5463
3.64761
2.37026
1.66447
2.16266
0.861266
4.0571
1.97962
1.70887
0.743829
1.46392
3.40059
0.856244
2.44776
2.56834
2.05754
2.32972
0.331925
2.72838
1.87211
1.02867
0.834668
1.01714
1.5788
2.93628
1.85045
2.4123
0.670525
0.409019
1.63612
0.713825
2.47866
0.522535
0.590948
0.734113
2.73393
1.22404
0.586056
3.45092
2.0472
3.71989
3.85649
2.17932
2.09647
0.518181
2.35541
2.65275
1.5718
1.61172
2.97593
2.97534
0.762836
0.793313
2.48479
1.65273
1.15134
5.08443
1.01586
4.42175
2.28981
0.986122
1.95443
2.3712
2.2206
1.99423
1.52793
2.03962
0.780855
1.95008
0.92403
2.18256
0.880534
3.27072
1.62425
1.20402
1.83479
1.97038
2.31131
0.978678
1.96675
0.710461
1.47971
1.49305
2.75788
2.21048
0.741676
1.51802
1.1865
1.81331
2.88863
2.06081
0.630734
2.82562
3.74379
0.975725
3.07776
1.50846
0.147123
3.73435
3.28143
2.86439
2.27865
2.10472
3.03305
1.4672
3.59183
1.21107
3.74189
1.72728
2.89727
2.45173
2.7943
1.04696
2.16684
2.04657
1.83883
2.95051
3.29909
2.35305
1.08123
5.0217
0.374897
0.856644
1.57804
3.61942
1.23035
1.8242
2.12147
2.08483
3.72487
2.04256
1.30863
2.76009
1.43689
1.24421
1.29202
0.886138
1.2931
1.94819
2.42115
2.2898
2.47343
0.461727
2.65003
1.1223
2.2277
2.36601
1.38067
4.65103
3.53711
2.46113
2.66781
4.00374
3.64185
0.611369
2.68671
1.24965
2.88102
0.39471
1.9836
1.2661
1.08881
2.105
0.873362
1.55733
0.827064
3.33691
1.83163
0.857568
2.21684
1.32786
1.51368
1.30507
2.33028
4.58142
0.264909
0.83837
1.78102
2.40404
2.26276
1.39926
1.27625
2.19516
2.64039
1.21012
0.423744
2.60774
1.25759
4.34741
4.01208
1.58051
4.15333
0.814693
2.55565
1.13374
2.5482
2.25143
0.679904
2.45629
1.05708
2.19906
2.71078
1.83506
2.10098
2.49897
1.99388
0.794498
2.48933
1.44794
1.71691
0.744703
1.45309
1.13232
4.24723
2.13526
1.94705
2.1114
2.24483
1.65597
2.74435
2.17343
2.89083
0.564163
3.53844
3.11257
1.65284
0.306271
0.915138
0.253442
4.03766
1.45369
3.32314
1.14593
5.43919
2.05445
1.00018
1.49713
0.906628
1.97529
0.948692
2.77633
1.70373
1.38144
1.28465
3.20981
0.803547
1.28831
1.89856
1.52601
2.41763
1.337
2.00147
3.67469
1.41086
1.69351
1.57813
3.24297
2.23103
2.85131
4.15226
2.74708
2.25459
1.90217
1.29026
1.27737
0.874185
1.04147
1.20292
0.69757
1.00105
1.06603
1.44414
2.83563
2.79535
4.6197
3.50197
0.685745
1.92366
2.20472
1.12284
2.78427
1.5974
3.03821
2.38083
1.87959
2.02769
2.14796
2.19031
1.49633
2.46981
1.06207
0.736068
1.281
1.80287
2.58952
1.51361
1.39083
3.61312
2.4567
1.86406
2.31868
0.861118
0.637871
2.02629
2.9215
1.60203
1.98791
1.7418
3.17101
0.425946
2.18914
0.95653
3.60657
1.57396
1.8748
3.80173
0.567848
0.66438
0.902978
3.4486
1.57133
5.19375
1.64002
3.01501
0.430811
1.89659
1.67236
0.850197
1.31253
0.797145
2.01355
3.54901
1.65204
0.706536
1.68247
2.55942
1.70086
1.40411
3.01883
4.13706
1.30054
1.77326
2.79105
2.4321
1.75824
1.62684
2.32519
1.35434
0.620037
4.40653
1.4324
1.30418
3.14896
2.35999
1.49762
2.69554
2.04346
3.39497
3.54373
1.24963
2.69721
4.33207
1.06128
1.86311
2.22265
2.20071
0.204127
2.02592
2.84276
2.59287
3.54021
0.52108
2.29157
2.41627
1.9091
2.94014
2.0709
1.93885
3.65001
0.572308
1.38038
2.02204
0.836118
1.60706
0.869602
0.672665
0.81504
2.89221
3.08886
4.61836
3.49188
2.85119
1.14172
1.18375
0.692418
1.10867
3.36899
2.08129
2.4484
3.72355
1.54601
2.18961
2.05475
1.5472
2.55597
1.62854
1.45485
1.54295
1.35352
0.754535
0.194309
1.01694
0.374701
2.69011
1.75775
2.52266
1.25869
1.49438
3.13637
0.38886
0.330866
2.54769
2.33496
1.6901
0.545563
1.10214
0.725996
3.85617
2.5453
2.69268
3.10039
1.03973
2.87477
0.992325
0.176886
1.39801
1.30669
2.6511
4.46657
1.13647
2.23934
2.62426
0.303748
1.64546
1.2948
0.693788
3.24689
1.51795
0.511819
0.85807
1.12245
0.606197
3.18881
2.13233
3.65974
0.751386
2.64988
1.20084
1.50373
1.14332
1.23418
2.80026
1.68794
3.27103
2.2987
2.68625
4.38118
2.86678
2.90228
1.43708
2.5618
1.41433
3.08034
1.59697
4.37796
1.19495
2.26478
1.98726
1.63992
3.32852
1.14108
2.08143
3.05665
0.48566
2.37196
0.392737
3.57832
0.233456
3.11282
0.780177
1.81902
1.53093
1.65814
2.90183
0.312216
0.248922
1.26112
1.06469
1.38146
0.471474
1.36313
1.80549
2.65375
3.7406
3.33159
1.60986
2.45369
0.475839
1.19503
3.96902
1.08196
1.92284
1.65991
2.67984
1.53833
1.18024
4.56304
1.08877
0.238204
1.68619
2.1979
0.923692
1.82804
1.54224
1.11951
1.0436
2.23353
2.39942
2.90472
2.0429
1.62665
0.751637
1.02484
2.92222
2.68829
1.478
2.29794
1.72129
0.239587
1.59639
1.56084
1.68693
0.433342
0.739213
1.9169
1.68318
2.92323
2.6611
2.16673
0.916286
1.93761
0.221395
1.25798
0.564369
0.840766
0.294739
0.683339
1.21406
0.783849
3.36201
4.05029
0.918547
2.1251
2.10233
2.19454
3.07324
1.31297
0.41166
0.860531
1.08596
1.85109
0.996724
2.65014
4.24283
0.690623
1.54438
1.25815
1.89359
0.813365
2.62916
1.81155
2.8092
1.4737
3.81645
1.75188
2.22019
0.885455
4.29502
2.38012
2.13321
0.632391
3.71197
2.80746
1.2133
1.27915
3.22118
2.27148
1.85789
0.767022
1.37447
1.02556
0.949723
2.00811
1.4142
4.17447
0.879329
1.88714
1.48862
0.416245
2.13685
1.51091
4.38563
1.92993
4.33692
1.46684
3.61445
1.22166
3.42457
0.871129
1.28796
0.851122
1.9302
0.902196
1.58017
2.19114
2.65208
1.19912
2.25676
2.1776
2.83785
0.721679
2.32373
2.70212
2.23751
3.44436
2.86722
2.47205
4.28422
2.7112
3.36847
4.61128
0.815016
4.96741
1.58753
2.33026
2.72903
2.17005
2.30342
1.7903
1.73482
2.20918
0.815738
4.45992
1.36282
3.17973
2.08451
0.517496
2.34686
2.92838
0.923813
1.38211
2.50582
1.30797
2.0617
0.864955
2.31832
0.735141
2.60304
3.04577
1.67135
0.250625
1.86966
0.782519
2.39241
0.631133
1.9269
4.54295
1.76826
1.68541
2.16158
0.916091
1.53333
1.88934
0.975923
1.41096
1.23054
0.26373
1.07499
1.07636
3.8604
1.25692
1.55698
0.984737
1.11479
0.630606
2.99659
3.5281
1.34771
2.39208
2.20367
1.6811
1.40195
4.46075
3.80511
3.33959
0.724507
3.36603
2.92886
2.33663
0.811046
1.96424
1.68129
1.4682
2.67296
0.951009
2.96384
0.99492
1.70332
1.79451
3.84033
1.93579
1.69976
1.73962
1.03707
1.93533
2.24251
2.43334
1.53173
1.43962
3.65559
1.11709
0.636449
3.93836
1.88475
3.37105
4.15809
0.570182
3.71028
0.982704
2.5213
2.16831
3.19901
1.51406
1.00219
0.629367
2.38516
2.52329
3.21085
3.79845
2.20082
2.99047
1.96573
0.891137
1.32372
2.72493
0.889563
1.2121
2.35014
1.55016
2.90083
1.04733
1.3563
3.30846
3.29973
0.243689
1.57631
1.35292
1.92884
2.95707
1.28835
1.56035
2.11941
1.26085
3.58332
1.38289
0.606768
2.62997
0.352172
0.403823
2.24087
3.85477
1.93683
0.900083
2.01106
0.577439
6.91003
1.99884
1.97788
0.447358
2.45142
2.99519
1.97815
1.4126
4.06418
1.80404
0.834621
1.87953
2.97686
1.2218
1.91002
2.02963
2.5569
1.60813
1.77538
1.46425
3.51193
1.80728
1.49058
2.09824
1.40361
0.722042
2.3659
1.27866
3.62694
0.564831
2.27721
1.89223
1.39856
2.55115
2.93033
0.739143
3.27866
1.5117
1.29988
2.96569
2.4164
0.497159
1.5108
0.845324
1.66502
0.367048
1.96299
0.174269
2.41539
3.12457
2.18407
2.8484
2.52255
0.821022
1.92301
0.949137
1.66274
2.55587
0.872216
1.38312
2.44131
2.27968
0.299107
1.21113
1.50861
2.51819
2.30155
3.52371
1.70511
2.82025
2.94536
3.99002
1.78957
3.07852
2.07487
2.85996
1.76508
3.4083
1.37756
1.49243
1.37751
1.17811
0.27153
1.40611
2.87483
2.40905
1.52674
3.63466
2.63699
3.88469
1.91407
1.23816
1.44351
0.914715
2.64673
3.0966
0.645362
2.93319
2.62604
1.94706
1.08224
1.07967
1.76683
1.83463
0.921244
1.36432
1.15123
3.13568
1.04881
1.76504
4.38851
4.97927
2.86033
2.98629
0.0718551
3.75822
1.17291
2.84684
2.33042
1.0965
0.794583
3.57653
1.9057
2.21792
1.92705
0.551212
1.51363
1.3145
0.533244
1.96381
1.40159
2.41841
3.2015
2.73939
1.30553
2.44284
0.957341
1.34398
1.76047
1.03733
2.92846
1.28144
1.17684
1.54245
1.70926
3.72183
0.676113
1.44268
1.8085
2.36317
5.32185
3.09169
2.61991
0.454539
3.80346
4.38627
2.00741
1.4654
1.99741
1.43606
2.4993
1.04548
2.86869
1.28591
2.13413
2.60617
2.14692
2.70296
1.25154
1.01219
3.06539
3.67142
2.29607
2.64418
3.70448
1.49565
1.67626
3.13762
1.73117
1.17612
1.27813
2.0077
1.8911
0.335904
2.26758
0.672177
1.36324
4.79635
1.08075
3.71433
1.06552
3.06651
0.833928
1.5429
2.45934
0.333289
2.21789
1.95314
4.38907
2.89645
1.13547
1.13328
3.44789
3.64329
3.90109
1.80222
1.36936
2.16788
3.34365
1.77913
1.81907
2.97914
1.92887
2.07259
1.41913
3.05388
0.970869
3.53485
1.65674
3.28703
1.59632
0.239203
2.10467
1.95593
2.14201
1.3301
1.57923
2.56448
3.52097
2.46189
1.31742
2.85752
2.78421
3.68004
3.72269
2.30078
2.53228
4.71077
2.00525
2.26639
1.1581
0.587219
4.07003
2.53309
3.05481
4.30849
3.08967
1.60921
0.701065
1.12885
3.28642
2.33968
2.79311
4.83
2.85231
0.540376
2.82936
3.23737
1.82731
0.804155
3.09098
1.71544
4.25469
4.08856
3.15756
1.79553
1.6023
1.84148
2.95214
0.972133
2.53929
0.278127
3.97205
1.99556
2.88961
2.22937
2.93435
1.96289
2.00129
2.61787
2.18289
2.72071
0.731773
0.517025
1.21591
1.67619
1.17254
1.30413
1.1793
1.18552
3.20066
1.32036
2.25371
2.37248
3.43566
1.92632
2.08112
1.83272
2.06971
2.22046
1.09496
1.59074
1.87614
1.30837
1.8721
1.84734
1.52564
2.08696
1.37928
2.57062
0.261539
3.05146
1.62911
1.27559
1.90207
1.65373
0.645797
2.63913
4.6337
1.44595
1.72055
1.32567
2.28277
1.9369
1.24411
3.37776
0.139862
2.00543
2.01182
3.45191
3.55254
2.80315
0.508291
2.05454
3.16927
2.46444
1.35679
2.30277
2.4275
0.267025
1.72168
3.94403
1.27973
0.385479
3.00113
2.2259
1.90136
1.5992
0.932484
2.23089
1.65776
2.50269
0.689349
3.31676
2.97679
0.926157
1.58331
2.19931
2.00825
3.40311
1.94746
1.14986
0.282002
0.670877
1.21773
1.39707
1.34706
2.40899
2.31303
2.525
1.65597
2.44845
0.853174
1.83536
2.65409
3.75179
2.25341
3.54348
1.39166
2.18228
1.97027
2.28935
2.17009
3.36595
1.54979
2.42724
2.65796
2.39457
2.90249
1.75883
2.26313
2.40328
1.24882
0.797159
1.98907
3.46359
0.994493
2.20626
3.1982
1.37263
2.57323
1.76409
2.73889
0.734633
1.78891
1.69749
0.86308
2.01656
2.00089
1.70052
1.3424
0.648003
2.60579
2.83896
2.94316
3.61624
2.46236
1.32732
6.8068
4.17409
1.94608
0.573438
1.66681
3.4748
1.96486
1.07492
3.66799
2.99559
1.55397
1.31525
1.51945
0.978924
1.95609
0.530943
0.889438
2.52896
1.55706
1.29768
3.89011
2.75665
0.728794
2.89033
3.3542
1.2927
2.38119
1.85707
2.69432
2.03097
1.23106
2.30234
0.97912
1.85788
1.54242
2.63241
1.74289
0.145388
2.23487
3.44261
0.898341
2.02769
0.442259
2.67781
1.55916
1.31649
2.44363
4.21031
4.09582
1.78791
2.07909
1.9026
0.720757
0.505979
1.22201
4.55115
0.953432
1.27035
2.1072
1.07185
1.80756
2.24619
0.872772
0.6886
2.34358
2.56461
3.11875
1.06632
1.18887
4.07152
2.28208
0.945828
3.00377
1.76097
0.716397
0.520291
0.977189
1.91199
2.23863
1.14851
1.61837
5.21396
0.732031
1.76482
1.19355
2.40792
1.95913
1.4054
2.25356
1.21363
4.09072
2.24331
2.31765
1.0955
2.25378
1.93822
1.36117
1.40611
2.35075
1.62753
2.6516
2.22363
0.951873
3.29666
1.55588
1.37167
1.11502
2.89031
1.17156
1.62679
0.105606
2.06066
1.9275
0.458536
3.34907
2.70046
2.74188
1.3198
2.21983
0.130406
1.35562
1.02186
3.14584
2.67233
1.91254
1.82456
0.905282
2.20887
4.13131
4.05102
1.3392
5.18734
3.11933
0.899705
0.941501
1.1114
1.31462
1.12107
2.63244
1.37287
3.26797
1.19124
0.719481
0.842869
0.899928
0.36634
4.29269
1.80789
0.285952
1.27214
2.58625
1.11654
0.948938
2.80145
4.24142
1.16354
1.3834
1.01731
1.26344
2.98692
1.8633
1.28908
2.68552
2.18665
2.57642
2.55852
1.70914
2.40091
2.80043
1.09374
4.40484
4.99728
0.785296
2.04305
0.896025
1.47276
2.76407
2.53548
2.44201
1.91477
2.58504
2.1596
3.08857
1.73861
3.36333
1.4584
1.15048
0.605096
0.970567
2.8679
1.48463
0.648568
1.99849
3.88405
1.42845
1.61848
1.69858
1.95622
3.97606
1.45602
0.776244
3.41274
1.28008
1.58507
3.5805
3.37423
1.78144
2.79484
1.14924
1.95349
3.84336
3.80191
3.24618
2.79489
2.11876
2.91778
2.12118
1.35175
2.1144
2.66273
2.32623
3.48411
3.05249
1.14192
3.29345
1.79313
2.41226
0.874153
1.70172
0.601901
2.40123
2.66827
2.45156
1.69434
3.18975
2.83176
2.58554
2.51837
0.844484
2.55351
3.73224
2.76776
2.90216
2.31668
2.2563
2.23819
1.80894
1.64454
1.16265
1.83851
2.04457
2.33749
1.42806
5.26425
3.45747
2.34286
1.94112
3.82971
0.812204
4.22508
1.90442
1.7569
1.16336
3.65582
4.28011
1.67703
1.82655
2.70502
1.73374
2.76165
2.18144
2.04468
0.738078
2.76612
1.45262
1.86933
1.40445
1.58192
3.94583
2.93911
1.22242
1.7423
2.88657
1.98483
2.35384
1.58063
1.61876
2.85008
2.70263
0.609576
1.10135
4.73662
3.45695
3.47977
0.939478
1.99705
2.3557
1.93914
0.709639
2.63541
1.4074
2.66654
3.38706
1.33789
1.26989
0.213049
2.09753
0.911008
0.332762
1.41878
1.10678
2.63905
2.22541
1.53235
1.55755
0.975039
0.740396
1.47329
2.27262
2.47423
1.36184
0.602739
2.04803
1.09715
1.81496
1.96807
2.15111
1.98711
2.21475
3.81007
2.38199
0.441567
2.57286
0.806955
3.88403
1.46259
2.62901
1.33841
1.50767
3.05868
1.31523
3.22586
1.8767
2.13234
2.38215
3.57429
1.79104
0.443491
2.40405
1.20132
1.45061
4.37963
3.00729
2.1589
2.98593
1.86245
2.13056
0.796784
1.92193
0.814727
4.10282
0.992379
3.27463
2.69052
5.65858
1.05571
3.5562
2.79908
1.68547
1.46872
1.57721
2.47779
2.34472
0.427174
1.39204
2.19214
3.31245
3.74923
0.980213
2.38012
1.0974
1.70383
2.90878
1.25165
0.75278
2.09984
1.4498
3.21132
1.69685
0.267247
1.4967
1.69344
1.3335
0.94343
2.34696
1.71462
1.47129
0.966612
3.24975
2.40874
0.814647
3.82925
2.80592
1.24793
2.39032
1.18149
1.15495
2.36611
0.749104
1.13969
1.40629
2.10874
3.06887
1.70497
0.824012
1.81776
4.41927
1.39582
0.682302
2.38858
1.66323
1.34952
3.2225
0.934038
0.400277
2.0393
1.45196
0.824589
0.958579
1.87602
2.92927
2.99256
3.19006
1.09488
1.42248
0.609359
0.297969
2.05947
3.24507
3.53432
2.3021
3.2601
2.5225
2.53809
3.14059
1.2682
1.316
3.62466
1.92986
1.68553
2.59283
2.27204
3.3412
1.33471
2.16903
2.39079
1.6542
2.45322
0.978496
1.86143
2.76652
1.72535
3.70098
1.79133
2.45249
0.404018
2.58159
1.72921
1.47247
3.30225
4.52828
4.07014
2.46378
2.61523
0.464781
1.89837
2.39839
2.91227
0.905179
3.95493
1.60013
2.0887
2.2389
3.25066
1.42078
2.82793
2.0529
1.58532
2.86533
0.420509
1.58564
4.30529
2.19243
0.747129
2.04864
1.17859
0.450083
1.21284
1.72743
2.64352
0.863127
3.27635
0.475443
2.25344
1.90137
2.89101
2.00575
3.34326
3.31219
2.74614
0.27423
0.783657
1.36911
0.572912
1.63421
2.46373
3.83238
1.0213
0.403965
1.03661
2.53433
2.65566
1.77414
2.78061
1.97046
0.596998
1.05219
3.28015
2.54127
1.29743
1.94665
2.22976
3.09701
2.3583
2.33472
2.61346
5.40207
2.49577
0.700331
1.36415
2.40091
1.29296
2.76756
1.68221
2.68484
1.73847
1.53615
3.67434
2.78252
0.995712
0.809785
0.504632
1.17177
2.27031
1.42029
1.86715
3.00001
3.37801
1.93517
2.17753
1.3984
1.48458
0.84853
0.779706
2.25103
2.04514
1.2836
3.4385
0.398377
0.198903
1.95738
1.88586
0.169784
3.48621
3.47398
1.59449
2.63502
0.516881
3.78713
0.805446
1.83559
1.31884
2.08863
0.568976
0.375485
3.26215
3.65441
1.97545
1.68089
2.36986
3.821
1.81463
2.11955
1.37718
0.675602
3.60831
0.928205
1.14662
3.33038
4.964
1.37444
0.617714
5.4987
1.62382
1.28124
1.77879
1.69949
4.41197
1.73224
3.61351
2.57545
0.233297
2.28976
3.13615
4.24131
0.428957
2.22454
1.8186
2.54979
3.76484
1.30837
1.16736
0.843565
1.21734
4.34124
2.56892
1.16006
0.909006
1.64111
4.16077
1.42187
2.71179
1.61515
1.28258
1.45474
1.06654
0.437003
0.715827
1.58304
1.33269
2.62327
1.93788
4.59192
4.18747
1.38131
3.11691
2.63161
3.40477
2.40811
4.18428
0.901839
1.10459
3.0324
1.81494
2.46115
1.22782
3.05622
3.48094
0.756562
4.23367
2.10819
2.70535
2.82782
2.99601
2.18893
2.82589
2.9475
0.190502
0.356321
2.34933
4.30448
2.48524
2.07399
2.80989
2.35303
1.56039
1.00789
2.0473
2.67298
1.36623
0.652047
2.36003
1.06926
1.82176
2.60148
0.582993
2.29177
1.78842
1.80796
3.50456
1.9941
1.38276
3.5223
1.04448
0.876265
0.820407
0.598171
2.84667
2.79336
0.819352
2.22373
2.49813
3.366
1.3951
1.8605
1.19214
0.961077
1.27266
0.477276
2.36577
1.84409
1.63372
0.956464
1.69761
1.29825
1.45107
2.20389
3.19119
1.96637
0.482897
1.54181
0.780714
2.80873
0.618277
1.33198
2.24968
1.12286
2.32975
1.7067
1.41569
1.18053
2.79762
4.6013
1.67396
1.08502
0.531581
1.89398
2.43711
3.61438
1.26427
1.46491
2.67186
0.866593
2.1541
2.15657
2.13687
1.411
1.04035
2.488
1.5278
0.850297
2.32045
1.36976
0.64344
1.12085
2.55064
2.2612
2.86223
0.413567
2.19344
3.79791
1.60177
1.36801
1.33377
0.820168
2.47508
3.7871
1.68478
3.08594
3.28469
0.141183
2.88924
0.859573
0.504562
0.671714
4.5955
1.50697
1.76858
2.84681
3.11911
0.940388
1.46628
1.88845
2.65526
1.82178
1.60854
2.83694
1.94319
2.09315
2.708
3.08081
2.05143
0.623366
0.569692
1.18905
2.05201
5.13625
2.13668
1.50898
1.93531
3.40927
1.26787
1.69044
1.11076
3.36021
1.90602
1.38865
3.08829
2.23574
3.19122
2.53737
1.13331
0.38474
0.615176
2.37939
3.39368
1.72071
2.99508
0.819329
2.43563
1.12802
2.12753
3.84842
1.58776
2.80965
1.73509
1.33066
3.19271
2.37019
2.51525
2.15298
0.213536
1.51528
1.80879
2.17029
1.9071
1.69114
2.53633
1.14147
2.13847
1.89768
1.92522
2.01805
1.46578
1.97701
1.16156
1.79189
1.37626
2.23016
1.00352
2.05117
3.35055
2.20341
1.4736
2.04761
1.90257
0.837981
2.50451
0.341201
2.46567
3.73727
3.30837
0.100603
1.99346
1.35058
4.13016
1.8545
1.11191
0.961322
1.67473
0.429557
0.503537
2.48285
2.69886
4.71312
2.22966
3.70893
2.24272
2.56496
1.54892
4.43826
2.50979
3.21129
3.68281
2.05782
3.42767
1.16551
1.86025
3.14006
1.60232
2.38974
2.46371
0.433303
1.43942
1.02507
3.18017
2.67117
0.271558
2.93316
0.775162
1.42389
2.88821
3.62512
2.84459
3.36692
1.12627
1.57417
0.455767
2.82946
0.920552
2.32083
3.87998
1.47634
1.41597
1.24924
1.79068
2.40716
2.06493
2.65746
2.91837
1.24965
4.04262
2.64177
4.19275
2.95642
4.08283
4.6568
0.960536
2.41529
4.80207
0.142255
3.18218
2.0752
1.95403
2.36673
1.02784
1.96549
2.59149
1.48374
2.84479
1.77041
2.35202
1.2966
1.15188
1.30638
1.09531
2.27198
0.619813
1.03079
0.387524
1.3597
5.79065
0.805917
1.65169
2.53422
2.41737
4.02354
1.66584
2.86116
1.0183
3.12251
3.3478
0.996338
1.85837
0.859279
2.349
0.58581
1.04534
1.48906
0.5914
0.864545
2.71765
2.55323
2.36053
1.34223
1.53127
1.25446
2.21795
1.04156
1.44086
1.98151
3.15618
3.16173
1.76644
0.184324
2.06734
0.176302
1.32335
2.63554
2.32005
3.02017
0.835467
4.60496
4.21228
3.09669
1.52014
0.975788
3.42858
2.56005
4.19479
0.661688
0.564064
1.00295
0.806585
1.68317
3.12312
3.14306
0.869308
2.31119
1.79618
2.298
3.02572
2.76744
1.86572
3.10912
2.46415
2.34635
2.68756
2.72846
2.28321
1.67343
2.40141
0.829185
2.59999
0.722815
2.51359
0.726348
0.904543
0.955675
0.805233
3.93712
1.17845
1.48345
1.98626
0.798232
1.204
2.26329
2.26491
3.34025
3.88698
2.31409
4.3803
2.73657
1.29517
3.52767
0.720753
3.2917
1.69773
2.97606
3.27255
0.491633
1.75724
4.17451
2.85357
1.38271
2.08614
1.62996
3.02303
3.24559
1.98545
1.9921
1.93285
2.87815
2.22667
2.51259
1.48434
1.9793
1.377
1.53686
0.901741
3.53073
1.33173
2.17667
3.94562
1.28936
2.30678
1.97235
0.919479
2.18158
5.75256
0.619333
2.30312
2.07894
1.43793
0.979639
0.98348
1.08313
1.41243
1.88537
0.756574
2.36427
0.960668
1.68924
1.29424
1.85774
1.69614
0.848786
2.78809
3.24364
3.46504
1.47088
2.57233
3.25948
1.18431
1.37643
1.22863
1.54729
3.72559
1.02446
1.97763
1.94867
2.33137
3.3294
2.1916
1.89349
0.710724
2.06312
1.21123
2.47284
2.07998
1.77472
1.21516
1.04175
1.51913
3.70262
1.6109
1.16539
1.43077
2.94308
1.37646
1.311
1.5636
3.57619
2.16308
0.431331
0.167724
2.99146
0.171019
2.94582
1.34509
1.85285
0.367673
0.525593
1.55341
2.47452
3.96699
1.44555
1.22755
1.46107
2.35866
2.31042
1.58656
2.46457
1.62472
1.05598
1.66196
1.24086
1.60325
1.44367
0.982952
0.892708
2.05968
2.55032
1.74965
1.7616
3.51493
3.74524
0.984738
3.62502
1.54684
0.260407
3.0695
1.4651
1.64094
0.931102
3.12406
1.59481
4.06742
0.115428
1.94148
0.143254
1.60107
1.8615
1.39285
1.95406
2.0851
0.412696
1.72198
1.19901
4.0538
3.62715
0.264152
4.50424
2.70274
1.64627
1.3279
1.11164
0.87913
4.04935
3.2574
2.59402
0.965125
1.2325
1.58686
1.38719
0.974949
2.16119
3.39806
4.12046
0.958673
2.01118
2.0514
1.19926
0.75427
2.17856
3.19079
3.54642
1.17082
0.457393
2.70093
3.67122
1.68958
3.26617
0.647893
1.00175
0.818709
0.666268
1.93323
3.49831
2.82274
2.87099
2.77153
0.672345
1.59452
0.914174
2.1987
1.2495
0.986588
2.13023
1.79131
3.2937
2.1587
1.28223
3.72521
2.28653
4.20315
2.09365
1.39152
0.591179
2.16385
3.60631
2.66333
3.65792
0.992512
2.64643
1.47225
3.264
7.12499
2.91992
0.375162
2.76878
0.727533
3.80769
3.1723
3.15139
2.5418
1.11864
0.780815
0.609068
1.09297
1.10263
1.19647
2.31592
1.71371
2.28222
2.60233
3.59934
2.02916
1.29663
0.992945
2.1881
2.21808
3.65638
1.03732
0.552546
2.87609
1.22843
2.98845
2.20181
2.72304
1.43657
2.80858
1.3271
2.10409
2.70239
0.843535
0.668547
2.21647
2.79972
2.61599
2.62065
0.777096
2.37456
1.53506
2.63143
1.2213
1.79526
3.85618
1.37742
2.49537
0.706972
2.54552
3.07505
1.50754
1.62754
2.61126
1.45433
5.78591
1.95725
0.907232
1.10964
1.38013
0.417507
1.9084
2.67772
1.72629
2.7393
1.50209
1.87831
2.60795
0.909063
0.2973
2.58682
5.06547
0.166318
3.7907
3.84286
1.86064
3.16004
2.73772
3.19587
1.42452
2.08981
2.35347
1.16776
1.12746
1.25673
2.88833
0.691794
2.89761
0.988178
2.13896
1.87252
2.67801
3.36546
0.806323
2.21063
0.67191
2.37859
3.966
1.12512
3.37644
1.31013
2.23912
3.81222
3.9021
2.49679
0.658117
0.546933
1.08529
0.480237
1.81136
0.972241
1.86401
2.59271
0.96449
1.34114
2.6405
2.0724
2.38207
5.07604
3.25363
1.4469
2.53592
0.399961
1.53374
1.83707
5.40108
1.57282
1.71505
1.13794
0.92449
0.990316
0.512095
1.31389
2.30746
1.92025
3.12344
1.37028
0.379245
2.90964
1.73971
1.91881
5.64841
2.07588
2.65935
1.56219
0.567378
3.19441
2.47859
1.30141
2.5154
2.38853
4.15173
4.02707
1.44184
1.41569
2.22177
1.78963
0.884465
1.75505
1.35766
3.46025
0.803771
2.57217
0.815534
0.863993
1.86454
0.361242
1.5767
1.16478
1.97034
3.43005
1.12437
1.69223
1.12894
3.06015
0.972031
1.82715
3.28876
1.21029
2.94333
1.16617
3.9479
2.41883
1.77684
2.35042
4.23329
0.945084
1.10059
3.19484
3.31662
1.29007
2.20181
1.98854
2.76828
1.45853
1.763
1.28085
3.97023
2.1116
2.48563
1.16673
0.369245
2.14174
0.610566
2.64073
3.26466
1.27554
1.2444
1.16319
1.28104
1.04404
3.12205
1.56028
0.25902
1.66791
1.95981
2.23604
1.35838
1.9319
1.40931
0.927841
4.52383
2.28319
1.7207
1.83173
0.547837
1.86814
3.05128
4.201
2.75664
2.66217
2.25433
2.7342
0.887804
0.595032
2.85576
0.960987
3.0593
0.569458
1.64081
2.6055
2.00647
0.431963
1.03025
0.682906
1.90459
1.73027
2.71485
0.683384
1.14807
2.28755
0.410347
1.26619
1.56858
1.90079
1.03557
1.92914
1.5341
1.94762
1.34904
0.352933
0.931561
3.03224
2.03968
0.579179
0.765073
1.46091
1.83082
1.62187
2.04963
1.19403
3.26106
2.28377
2.54102
0.938364
0.972741
1.32712
3.43994
1.20736
2.23363
1.33871
1.98544
2.19389
1.18008
2.77069
1.46956
0.943813
1.92972
0.856973
1.26386
2.04975
1.66053
1.63543
1.91643
1.61058
0.397392
2.20669
3.2842
2.34975
3.41875
0.607847
1.8234
1.95429
2.56444
0.872955
2.07691
1.12514
1.94448
2.16908
1.16299
2.65992
1.39491
0.953991
0.680372
2.17296
1.43757
2.26991
4.28164
3.19757
1.01227
1.12434
3.14305
1.71135
1.64651
1.88988
0.482959
3.05211
1.791
2.29103
3.36356
1.67886
1.32508
1.82122
1.49123
1.65436
1.13476
2.18252
1.02606
2.21604
3.59637
2.80487
2.38947
0.812686
2.19797
0.707968
1.8306
1.03364
1.26544
1.92549
2.15699
1.86913
0.914142
0.97252
0.807523
2.3163
1.79259
4.15245
1.31704
2.83796
1.83136
3.3073
1.51603
4.0255
0.979844
0.811055
4.25014
2.43341
2.48392
1.80422
1.86572
0.815556
3.04613
3.21003
0.344328
1.16963
4.04779
3.09546
1.03831
1.37706
4.01661
2.55735
4.75559
2.47987
2.11529
1.69764
2.60172
1.66567
2.83238
1.11111
1.26666
0.444473
4.32899
1.3115
0.856631
1.87065
1.40003
2.89937
0.653973
1.4877
1.26605
2.16716
3.35436
2.76573
2.31064
1.25794
2.41499
1.44827
3.39262
1.07399
0.400214
3.27262
4.05838
3.33343
1.87998
2.42847
2.46409
0.327632
1.65838
0.855186
0.436414
1.92692
2.57293
2.90865
1.97043
3.7956
3.40504
3.02055
2.32024
1.36099
2.06741
1.25482
2.26935
1.91223
0.848553
0.659339
1.03191
1.88493
0.883384
3.19363
2.47434
2.32116
0.491339
1.86178
0.502334
3.01314
1.43763
5.08367
0.740378
2.72434
0.298714
1.15327
1.8364
2.12875
0.901947
1.24574
1.62571
1.50088
3.44513
4.71259
2.61061
1.40809
2.04265
3.35222
2.04896
1.79732
1.43283
0.90463
2.01956
0.960073
4.77709
1.84185
1.60961
3.74212
0.645499
2.38099
1.37893
2.002
0.706218
2.36769
3.68125
1.53533
2.38242
1.30581
1.61052
0.272437
2.38727
1.07491
1.81073
1.11575
0.239125
1.88435
0.994227
2.93694
0.939464
1.09556
2.39528
4.10461
1.80865
0.92825
2.72167
2.33531
2.56182
0.619587
1.59659
1.22649
1.46614
0.518665
0.486722
2.19226
2.01134
2.12066
2.03188
2.12857
1.88032
1.62777
3.51083
1.35378
1.35551
0.938447
1.43364
1.69705
2.54789
3.1308
1.23996
1.69213
1.75146
2.77413
1.83365
1.78473
3.26031
2.25265
2.83944
1.48406
3.25359
3.42634
0.717365
1.73488
1.26914
2.43846
0.120723
2.79459
2.75468
3.55802
1.36727
2.0459
2.11715
0.854299
1.09358
2.99284
1.27547
0.824626
1.50772
1.3791
0.523349
3.09479
1.18102
2.2991
3.45056
2.21923
2.25819
0.578594
1.01442
3.56282
2.83523
2.64547
1.59019
2.38865
1.19679
2.00998
1.69541
2.5754
1.45226
0.562513
1.73368
2.43522
3.8636
3.43528
2.44526
1.88353
2.55197
0.630735
0.14707
2.52637
2.86042
2.49005
2.08065
0.675401
0.966133
3.37548
1.07984
4.74277
1.41209
1.26741
2.73037
1.44295
4.55856
5.27045
2.50189
1.23031
1.76413
1.62424
4.04002
3.77123
3.00189
1.42382
0.375508
1.63852
2.64294
1.76661
2.94842
2.73588
1.68731
1.6441
1.51732
3.27158
2.8491
2.4121
2.49154
0.998596
1.43813
1.75659
0.713851
3.96808
3.46502
1.65794
2.92439
0.0499278
1.29671
3.10624
1.84257
1.40482
3.30893
2.34335
1.43399
2.66829
1.76425
4.16363
1.37901
2.70161
2.65351
4.44213
1.99943
1.76831
1.95324
2.37029
0.481336
1.80728
1.18582
1.59208
1.08815
4.289
0.758664
3.06904
0.2227
2.50372
2.00159
1.21465
2.2065
1.67347
5.0131
3.386
2.8853
3.54156
0.221556
1.68347
1.11334
1.03031
1.5108
0.899825
1.02343
5.29411
1.30941
1.44178
1.39866
2.24963
0.982715
1.31466
1.48136
0.465402
0.557221
2.58774
1.41322
3.40949
1.31195
1.6685
3.01848
2.57816
1.88962
2.87161
2.20409
1.06865
2.9546
1.80713
2.85878
2.73753
2.25126
0.734449
3.00647
0.981296
1.40245
1.85457
2.88681
1.69328
2.19688
0.503435
0.178735
1.03412
2.78376
1.42551
1.53652
1.14989
2.13405
2.75874
2.34485
0.846369
0.925568
1.6348
2.47977
2.09751
0.440868
2.3254
1.1908
2.27331
3.2228
1.86581
1.95589
1.27126
3.60682
1.73126
0.789936
2.35567
0.331465
3.56651
1.31823
1.10052
1.73141
1.09357
1.56386
3.11622
1.50018
1.94154
3.1413
1.53172
2.32264
2.40223
4.13627
0.713292
0.600699
2.23429
3.66375
2.67576
4.03367
2.39036
2.20978
5.2014
3.41882
1.93197
0.966282
1.53299
3.03297
2.85981
2.14467
1.09465
0.924878
2.33907
2.91097
3.00759
1.11546
2.18792
0.704664
2.7063
1.13881
1.42609
0.781397
1.60377
3.33065
0.868797
2.41956
1.11565
2.64022
3.03399
1.67114
0.181094
3.43947
3.22348
1.29265
0.638805
4.19575
4.30463
2.52953
0.991225
0.979066
1.5035
0.49878
3.48135
1.78867
0.99272
3.08911
2.18481
2.45265
1.60238
2.78037
1.19385
1.61363
0.52293
3.65049
1.27934
0.244478
0.861851
2.82632
2.37009
1.75491
1.39508
2.49062
1.60046
2.11819
1.87669
1.08761
1.41957
2.8215
1.20444
1.29147
2.6175
0.836356
0.993997
2.95017
1.23764
2.24245
1.37412
1.65871
1.67841
2.86683
1.084
1.84477
1.45349
2.89166
1.67357
2.22842
3.08494
1.96178
3.66728
3.05168
3.58892
2.98394
2.46039
2.09361
2.64233
2.20488
2.04829
3.81253
2.87847
3.13063
1.79868
2.04494
1.87897
0.669849
0.988509
2.45402
0.907838
1.82685
2.3732
3.02321
2.32684
1.25667
5.68761
2.41593
3.40871
2.00182
2.27534
1.85804
3.40169
0.874293
2.35649
2.28203
0.864517
2.03275
2.06091
1.83168
1.43946
2.21108
1.60046
1.19782
1.5792
1.66866
1.03883
2.94114
3.60265
1.00506
2.21784
0.575609
2.60176
1.13469
3.88669
1.52787
3.23916
4.86005
3.4199
0.904556
3.26436
0.940909
1.64831
2.49428
2.68904
1.23844
3.22614
2.39903
3.05887
1.34966
2.93389
3.63739
1.75162
4.52654
2.22943
3.52295
1.21729
2.65797
2.01699
1.77723
1.03446
2.02455
1.04778
1.8991
2.34891
0.954776
3.22268
2.13003
2.44791
1.17015
1.44126
0.809169
2.23238
1.70317
0.999745
1.92993
1.32737
3.63688
2.44519
0.646154
1.6775
0.779807
2.02497
1.48312
2.86767
1.73267
1.97668
1.11931
2.55236
1.32584
0.709319
1.30167
1.53314
2.84001
2.0342
1.62369
1.12895
2.39658
4.80064
1.27461
1.07981
2.33211
1.24993
1.71881
1.87604
0.875678
1.34545
0.976105
3.87037
2.39443
3.16306
1.76273
1.45607
2.1263
1.03773
0.826398
2.57186
5.08391
1.49807
3.43173
3.79387
1.28568
2.40147
3.17947
2.33818
3.31151
2.02033
1.71057
1.17715
1.46541
2.37246
1.80155
1.90114
2.187
2.31121
0.984052
2.02603
4.71664
0.517846
3.59556
0.575941
1.41661
1.60292
0.857128
4.0605
3.04527
0.815598
1.84913
2.2234
1.81226
3.77031
3.11159
1.40049
2.09553
0.452608
1.39244
2.97067
3.45306
2.74847
2.21206
4.29599
2.44382
2.99432
3.23059
0.727326
3.21073
1.93117
1.70839
1.56701
3.95459
1.31779
1.26512
3.84639
2.7639
2.89443
1.57511
2.09171
1.28299
2.44638
1.64789
1.20004
2.70778
3.1942
1.74176
1.70498
1.8367
3.84982
1.30132
1.81291
2.23807
3.8695
2.24801
0.38502
0.855943
0.727175
0.637255
3.68048
3.3842
1.49559
1.48462
2.84536
1.71672
1.16091
3.77079
2.67134
2.12788
4.09096
2.49783
0.896885
2.51325
2.87865
2.13804
2.39404
4.33381
2.47669
1.50761
1.96108
1.63296
2.40014
2.06833
1.31711
4.2738
2.1072
0.868762
2.53209
0.55332
2.32905
1.09998
1.20671
1.79989
1.11939
2.68422
2.32759
1.61659
1.70269
0.891563
0.542354
0.349287
3.24879
1.52431
2.32908
3.95509
2.6298
2.27733
1.97493
1.68716
1.64493
1.27333
1.42617
1.1056
0.634733
1.66819
3.40077
1.98435
2.72804
0.975388
1.40871
3.3604
2.40085
2.19057
0.725308
2.74424
2.34969
0.714148
3.86463
2.98588
0.987747
0.461113
2.13722
3.89976
2.36223
1.49195
2.44968
1.86844
3.14006
2.98362
0.743328
2.02904
1.08051
2.0557
5.48633
3.33302
4.25884
2.55734
1.8758
2.63369
1.78292
0.478748
1.40781
3.60331
2.01485
1.58751
0.618206
5.56417
3.78555
2.02852
3.11065
1.83866
1.32551
2.52838
1.05033
0.38311
2.13361
3.43232
1.66759
3.7264
3.18745
2.33278
2.01279
2.48444
2.24223
2.0855
2.57254
3.87051
3.57481
2.82847
0.917233
0.895991
2.61761
3.34217
1.54734
2.30937
0.920495
1.50944
1.56608
0.910109
2.26002
3.07082
1.14338
1.34784
2.89582
2.38623
0.334508
1.51537
1.16275
1.5599
2.05316
3.53708
3.80312
2.60543
0.567401
1.41237
1.40041
2.79561
5.03229
1.61065
3.53314
2.30684
1.43443
1.13996
1.28788
2.37557
1.64461
4.1574
2.2301
3.03071
0.342563
1.19255
1.08065
3.16173
1.70527
2.3677
4.76704
1.04161
0.480423
4.22167
1.21402
1.53769
2.82206
1.30536
1.12293
1.23482
2.86557
2.38225
0.650941
1.07413
4.35811
1.03699
1.28419
2.9067
2.5138
1.57669
1.5445
1.37369
1.51654
2.95981
1.42168
2.70863
2.25501
2.91687
1.33488
2.97053
0.461058
2.0226
1.226
1.97266
4.1611
1.22351
1.71212
2.23737
1.69156
0.567598
2.67601
0.544162
3.08555
2.4163
2.0393
1.93768
3.06053
1.30705
1.75765
1.28549
2.54456
0.609686
1.75056
0.456588
1.20086
1.05849
0.621569
0.905394
2.99319
2.03119
1.06502
4.71333
2.75546
0.760336
2.87765
0.407291
1.50905
1.00816
2.4097
0.7993
2.72596
2.1448
1.3656
1.84215
3.39973
1.65042
2.43144
1.3561
1.99119
2.2517
2.90655
2.3876
3.09177
2.23917
2.99578
1.29156
1.25901
2.84459
3.09113
2.10111
0.485485
2.94513
4.02393
0.226021
4.09833
2.00427
2.5972
2.77719
1.26167
3.32212
4.38329
1.65956
3.68849
3.09766
1.84366
1.68052
1.94888
0.848837
3.49956
1.41387
2.12952
2.66573
2.27508
2.03921
3.22686
1.71166
2.98813
0.310211
2.34826
1.59281
1.53182
2.70458
0.830772
0.756359
3.74339
1.23046
2.87153
0.81192
2.05438
0.311532
0.0896971
0.780635
3.28162
1.21301
1.84674
1.55749
1.85939
2.5422
2.49292
4.41508
1.64397
2.7017
2.49368
2.53191
2.75395
1.55626
3.04033
1.51415
1.30537
3.30778
3.29655
3.56904
0.88063
2.10237
1.40535
1.63465
1.7918
1.89078
4.58494
4.09207
0.96858
2.72248
4.71213
1.97386
1.05613
2.19258
0.776849
1.41411
2.66988
2.36173
0.938122
1.27256
1.50201
1.48864
1.0966
2.87517
3.03193
0.464736
2.43074
1.29458
1.87279
0.680546
2.62673
2.93692
5.02715
1.85167
2.2507
2.18097
2.58519
1.09589
0.515877
4.68735
1.84999
2.35067
2.23438
2.56092
2.47083
3.91803
0.299879
2.5002
3.63813
0.34651
0.355784
1.14753
2.22741
2.19436
3.02582
1.54399
3.78353
0.709207
1.28834
1.31053
0.679073
1.32083
1.74663
3.46957
0.868923
0.157719
0.531137
0.642138
2.25776
2.97711
3.30185
3.14292
1.93423
0.397679
3.55479
0.689293
0.273628
3.49562
0.715944
1.81204
3.69063
2.19648
