1.99037
1.84284
0.986458
2.57131
2.87316
0.70764
0.336879
0.323405
2.13666
0.775445
1.06136
0.543478
0.244634
0.476067
1.86607
1.72108
0.203162
2.24201
0.75558
1.03743
0.850387
0.35766
1.56534
2.20226
2.75949
1.92525
1.27315
0.522744
1.57953
1.43882
2.03494
0.470726
0.705016
2.14786
2.93281
0.831374
0.937559
0.737051
2.50432
2.27707
2.01687
0.755229
0.419601
0.953804
1.51492
2.01595
0.781489
0.56531
1.02382
3.30854
2.28147
0.769267
2.51488
1.55476
1.57752
1.46433
2.32967
2.33322
0.820438
0.181294
2.639
1.22988
0.96707
1.98788
1.30626
4.0699
0.367513
2.66361
2.77937
0.911863
2.56116
2.9848
3.59104
2.41312
0.220915
1.77926
0.534297
1.74559
1.59627
1.9277
0.914967
1.03794
3.45129
0.98788
1.76529
0.868588
1.05388
2.17375
1.16438
0.721096
1.68884
1.99011
0.838494
1.75573
2.60481
0.850186
2.53022
1.24663
1.12422
1.06968
1.66865
1.04588
1.5569
0.814419
1.80248
1.83468
2.19351
2.52082
2.21511
1.22799
1.70534
0.590269
1.25481
0.92357
1.32907
0.200306
1.95183
0.496773
0.204708
0.764935
1.78026
2.56113
1.50085
2.90459
1.54461
1.18709
1.39997
1.81418
1.96489
0.795996
3.7335
2.05657
2.88331
1.96548
1.28744
2.33416
1.3009
2.41278
1.65942
0.266258
1.56173
2.84405
1.55143
0.437031
2.41634
3.38844
2.32843
2.64293
1.5105
2.28582
1.2991
1.54051
1.28417
2.0725
2.11992
1.19483
2.68078
1.73268
1.77833
1.62041
2.30557
1.08712
1.42346
0.387531
0.847101
0.919078
1.86425
2.34785
1.42777
0.619845
3.29485
1.51601
1.52659
2.50163
0.893842
0.788391
1.79097
2.70474
1.70208
0.405494
2.65928
1.1153
1.1234
1.39444
2.01896
2.65558
1.22575
1.22418
2.85182
2.4603
1.61489
0.667702
0.679603
1.24226
1.38565
0.884247
0.815927
0.953049
0.681948
1.45536
1.01714
1.33583
0.947288
1.05665
1.8201
1.15807
0.965878
2.62153
0.933635
0.310261
1.0199
1.57957
0.565661
1.31993
2.20217
0.836873
1.43949
1.10649
2.58229
2.92387
2.12722
2.03571
0.400769
1.29526
1.21669
0.528783
0.514062
1.25886
0.332227
2.95985
0.944656
1.03114
1.84424
0.868719
1.3071
0.380597
0.549029
2.09633
1.45115
1.2142
1.54359
1.20882
1.81112
1.60672
0.961035
0.620975
0.482189
2.03084
0.563378
0.970425
1.99458
1.33268
0.459461
0.576025
1.06354
1.75652
1.73022
0.925663
0.504902
2.47349
0.855752
1.08714
0.9052
3.41365
1.97875
1.04409
1.18254
1.49583
1.99676
0.919705
0.829995
2.40361
0.911815
1.66195
2.03455
2.41425
1.13523
2.08191
2.05331
2.6892
1.15727
0.179755
2.51633
1.18572
2.24692
2.2805
0.741141
1.40924
0.326272
0.292561
1.09441
2.14119
0.332227
0.297275
1.35356
1.05114
0.813323
2.56258
3.37554
0.628273
1.79308
1.44466
2.52259
1.41869
1.44045
1.25452
2.46554
0.750903
0.118229
0.615415
1.95176
1.17663
2.36587
0.579534
1.50461
0.412242
1.70402
2.24229
1.37803
0.840643
1.91363
0.958241
2.60365
1.95489
2.49667
1.48417
1.21908
1.92479
1.96271
0.702647
0.464527
1.60139
0.319832
1.05801
1.29384
1.86999
3.57425
2.26642
1.91918
0.970109
1.09113
3.25321
0.889983
0.16364
2.25774
1.26918
0.91643
1.0085
2.88916
0.952369
0.390046
1.10718
1.62539
0.790281
4.86966
1.00443
3.96827
2.22846
1.35935
1.63247
1.74777
2.29012
2.256
2.22359
3.05818
2.13419
1.57589
1.77792
2.364
1.62552
1.95734
1.57236
0.818066
2.46735
2.42097
1.47916
2.74067
1.15963
2.1083
0.912306
1.09527
1.58036
0.0606035
2.68149
1.68194
0.791759
1.57175
3.10313
4.66635
0.411382
1.46771
3.87475
1.96561
2.3571
0.460399
1.33718
1.43904
1.18054
1.42502
1.56234
0.907622
1.24399
0.9621
1.5965
0.461057
2.71528
1.46363
1.99887
0.485803
2.43308
1.36433
0.581274
2.23041
2.61625
0.929145
1.93956
2.803
4.27395
3.1533
1.07656
1.34253
1.18715
1.63008
0.577761
1.0935
2.08133
0.88596
1.11976
0.651959
1.12768
0.59136
1.57818
3.54734
2.32664
2.31014
1.07475
2.48249
0.686114
0.884476
2.24496
1.75462
0.396307
2.63904
1.57262
0.574594
2.76034
2.95088
2.01244
1.55565
1.42602
2.20723
0.559341
1.19391
0.810102
4.20464
0.465114
3.39449
1.08292
1.59108
0.989234
1.39553
2.23905
2.06312
1.83095
0.980165
1.43235
1.33478
1.18724
1.6296
1.31876
1.61374
1.43864
1.67986
0.937581
1.8737
1.84723
1.36123
1.92375
1.57008
1.23365
3.79362
1.7045
0.881854
1.67625
0.881862
1.8522
1.36121
0.889956
0.254285
1.61693
2.69202
2.16623
0.787791
2.49442
0.549463
1.62517
1.94183
0.400926
1.86519
2.20041
1.20524
0.344497
1.90503
2.63692
1.79378
1.72804
0.885656
1.60195
0.673654
1.46988
1.03406
2.09555
0.858082
0.742921
0.74233
0.876067
0.879026
0.510787
0.353458
0.110997
1.99309
1.49534
0.193465
1.71679
1.15525
0.19023
2.18411
0.847289
3.21251
1.82436
1.42485
1.15232
2.03651
2.31957
0.539876
1.72167
0.607816
2.07191
1.50328
0.868875
1.7597
2.99793
1.27932
1.42038
1.37659
2.56205
0.998265
0.995932
0.799568
1.26898
1.94179
1.74905
0.503933
1.55579
0.792753
1.78103
0.813997
0.753634
1.50969
0.550767
0.975503
0.549457
1.03772
0.794113
1.03913
1.15113
1.564
0.427131
0.684955
0.337612
1.28431
3.45571
2.29433
2.33727
1.68918
1.08921
1.84403
1.23272
2.46459
0.828235
0.818796
0.979482
2.36528
2.13577
0.451332
1.83651
1.95364
2.56451
1.18398
2.78937
0.904091
0.788775
1.57051
2.88822
0.352845
2.71362
0.176527
0.626675
1.09103
3.58162
0.73735
0.841709
1.96609
1.01488
1.50934
1.16598
3.24825
1.62064
2.27149
0.27643
1.65304
2.72655
2.69296
1.02293
0.646362
2.63546
2.23194
2.97304
1.63919
1.44623
3.19963
0.716626
0.282769
2.11427
2.04124
0.555032
0.348035
0.525883
1.47744
1.31871
1.18765
1.32896
2.15286
0.659377
0.425739
0.832363
2.24857
1.28016
1.3019
0.746418
2.19704
0.983928
1.75548
2.41352
1.18691
0.730649
0.992997
1.00119
1.02157
1.0497
1.46531
1.68842
0.958924
2.30572
1.04421
1.30394
0.162281
0.539073
3.78104
1.29648
1.15501
0.63382
0.394577
0.820385
1.21799
1.8869
0.925773
2.16382
0.888313
1.01586
2.79491
1.49004
2.3067
0.749619
0.790183
1.69468
2.23783
1.0441
0.822073
1.43184
0.939781
0.963672
1.87799
0.955877
1.74358
3.0463
1.02433
2.00488
3.01201
1.90822
0.60771
0.8744
3.03775
1.52575
1.93298
0.35877
0.977756
1.11068
2.53414
0.65152
0.60557
1.31588
0.972029
1.38851
2.34038
2.06782
2.82717
1.12914
1.32768
1.50427
1.58125
0.432242
3.3586
0.701808
2.18806
2.36614
0.784712
1.82667
1.09433
1.42896
0.863154
0.840613
0.659499
1.16771
1.02876
1.40631
2.77544
2.2925
1.58002
2.36143
3.15302
0.839915
1.04051
2.12163
1.00776
1.19773
0.63133
0.847408
1.8145
1.46548
1.8806
2.60266
1.2538
1.67849
1.54925
1.39903
4.20698
2.28396
1.36824
1.71136
2.0002
1.40144
0.807426
1.69022
0.653379
1.52625
0.92986
0.267999
0.492014
2.78313
1.77269
1.98172
4.20641
4.30683
1.50779
3.06791
1.651
0.326921
1.65142
1.7441
0.507431
1.19626
2.34165
0.730428
2.93761
0.550224
1.22179
0.689704
0.342409
2.26891
1.62151
0.777087
0.851215
1.08003
0.342138
1.98136
0.614424
0.982173
1.96959
1.85436
2.71329
1.86334
3.69639
3.41949
1.96638
1.35508
1.43837
1.83879
0.254399
2.06829
0.486402
1.66081
1.19433
1.14262
2.1672
2.12648
0.836993
1.62367
1.59005
1.15244
0.696066
3.13342
1.8233
0.797803
2.37467
1.05224
1.76238
1.07889
0.471173
0.474309
0.413598
2.05318
0.700452
1.10264
0.573216
0.652315
2.23898
2.38277
3.43181
0.862521
0.252215
0.339897
1.06795
1.39806
2.5249
2.56518
2.11801
1.62856
0.682509
1.70021
2.77728
1.83253
0.515317
0.173953
1.68108
2.14492
2.31033
1.26163
1.58904
2.15159
2.20724
1.84061
0.57336
1.03804
0.857751
1.01575
2.97366
0.933066
1.70768
3.43423
1.25622
0.671061
0.223966
1.72263
1.90449
1.66238
2.22283
2.14053
0.755474
2.21526
1.74921
2.34222
1.38352
2.39063
1.83992
4.04759
1.78927
1.47379
1.40113
1.70952
2.06819
1.31209
1.31104
0.494104
2.08313
0.59525
0.666737
0.916025
3.50926
1.41372
1.50583
1.49961
1.58513
1.64377
3.40311
0.808114
2.64918
1.52755
1.57628
0.683651
1.70231
0.497823
0.469358
1.60417
0.647969
1.39237
1.5901
2.55566
0.42898
0.869689
0.900272
1.89499
1.82555
0.15374
1.76064
0.330774
1.40528
2.43263
2.74333
1.2317
1.50519
2.0525
0.604223
0.705572
2.01197
1.86933
0.560614
1.83604
1.14618
1.53885
0.805615
1.24518
1.00948
1.51778
1.36
0.923989
1.76723
0.549944
2.44069
2.27626
2.7644
2.21646
1.96017
0.212415
0.870381
2.03021
1.99476
1.70279
1.61208
2.91447
1.43317
1.40673
1.25833
1.01771
1.04702
1.06641
1.09814
3.16641
2.69152
0.628783
2.77441
2.44037
1.1276
2.42801
1.61437
1.69873
0.410032
2.57327
0.472218
0.325904
1.94608
0.327846
0.922944
1.9187
2.28689
2.78975
0.828832
0.684681
1.48078
1.16153
1.82894
2.06982
1.98088
2.10738
1.96824
2.13835
0.966768
1.97953
1.19051
1.449
1.96709
2.29116
0.496001
1.93841
2.59015
0.92333
0.59491
0.600041
0.660528
2.72794
1.87573
1.79986
1.14537
1.65645
1.14451
1.86012
2.06925
1.42211
1.56747
1.1875
1.39269
0.932269
1.49275
1.33233
0.607036
1.49818
1.42126
1.03406
1.4742
1.15387
1.62734
1.1222
1.43332
1.26068
0.914573
0.484486
1.97075
0.547352
1.38601
1.88394
1.64729
0.18977
1.37213
1.52161
1.75799
0.605083
4.07152
2.43016
0.7035
0.709501
1.1886
1.99537
2.04412
0.939546
0.628702
1.64627
1.93977
1.62579
1.9222
1.82292
1.13366
1.02117
2.15204
2.26415
2.22726
0.557666
0.484302
3.21493
0.649936
1.39313
0.305867
1.61939
0.737684
1.40426
0.597823
0.560426
2.51586
1.83325
1.59328
1.84486
2.33623
1.41021
1.85234
2.68459
1.27246
0.821067
2.04085
2.56744
0.526101
1.50989
1.72185
0.802922
1.07597
0.713875
1.49268
1.33291
1.13715
1.90371
1.59187
1.45973
1.66395
0.721984
2.16231
1.58162
1.26661
0.947014
1.86258
0.911683
1.65959
0.467303
2.19533
2.99034
2.89772
1.30131
0.821079
1.51538
1.96655
2.10448
0.703667
1.88273
1.06196
0.850115
2.03616
1.33341
1.16417
1.82206
2.59095
0.351041
1.98266
1.39402
0.740577
1.70491
0.668078
0.760498
0.990395
3.21944
0.769178
0.28909
2.27335
2.36808
0.614381
0.435438
1.99293
2.79975
0.600411
0.971674
1.24963
2.46151
1.38914
1.60642
1.04999
0.658718
2.50754
1.40965
1.39996
1.21342
0.953201
1.01193
2.50037
2.93071
1.88059
0.620233
1.36832
1.3804
0.483241
0.522178
1.24399
1.7456
1.33472
0.92589
1.94216
1.82054
0.20859
1.23744
1.41047
1.47375
1.3545
1.83648
1.39153
0.182655
1.95462
2.07196
1.30708
1.68831
2.64187
0.246054
2.07832
3.16438
2.94195
1.49342
2.32725
2.18833
1.62528
2.53593
2.11468
1.2844
4.13421
2.54241
2.10637
0.9148
0.657576
1.18809
1.45295
3.00651
1.85283
1.044
3.15991
0.0654473
0.72503
1.38803
0.725422
1.10803
2.60273
2.77091
0.618107
1.43403
5.13585
0.303885
1.84379
2.44825
0.924646
2.08115
1.59066
1.82287
0.682037
0.252804
2.54974
4.00403
2.81167
1.62799
0.459013
2.71655
2.09953
0.797839
0.354859
0.728827
2.46964
0.953434
1.23049
1.08793
0.944438
1.12732
1.42592
2.48958
2.72974
1.17039
2.69372
2.42374
2.95951
1.44678
1.96543
1.94686
1.07543
2.87886
1.94457
1.82403
0.874947
2.20036
1.28192
2.02804
1.84112
2.88981
0.417744
1.353
1.46347
1.15653
1.96521
2.47743
0.180271
1.42746
0.756693
1.29171
2.37937
0.310606
0.519614
1.94281
1.87254
1.49697
2.11569
3.27776
1.35644
0.221601
0.558184
0.68988
2.64723
1.24341
3.0796
0.787331
1.47535
1.12343
3.51946
0.926732
1.25191
1.51668
2.30849
0.94574
0.917695
1.80871
2.04089
2.27875
1.95358
1.21357
1.90471
1.01047
1.25719
1.22151
2.83393
0.603143
2.42097
2.75773
1.68547
1.29485
1.67412
1.56095
1.53763
1.54842
1.07714
0.58936
1.36388
1.32617
1.90866
1.51386
2.28141
0.566819
1.70537
1.47834
1.85152
3.8423
1.08331
0.921775
1.44293
0.377927
2.19232
1.18371
1.41707
0.496117
0.998471
0.745431
1.76634
0.573055
0.246045
1.08919
1.54741
1.02853
1.11184
2.43183
0.755762
1.05306
1.5656
2.10546
1.67982
1.39398
0.970266
0.825264
1.72848
0.601331
0.40566
1.25583
1.89637
0.526299
1.08511
2.0297
2.85562
1.64491
1.16515
1.70929
0.82289
0.763338
1.77108
1.21106
0.139685
1.30302
1.60193
1.06597
1.35401
0.414551
1.24863
1.64142
0.669782
0.83355
0.0905497
1.57421
1.15514
1.57367
2.04638
0.97123
2.29764
1.35185
0.897825
0.977963
2.39644
0.732456
1.06008
2.0247
1.96815
2.60608
1.7173
0.630419
0.376076
1.53559
0.171787
0.586353
1.18791
1.94904
3.47512
0.397799
0.94517
0.824113
1.30649
0.827799
1.2448
2.1426
1.98964
2.10174
2.71001
1.72929
1.11168
1.94226
1.46933
2.78496
1.30287
2.62576
2.53603
2.3157
1.99297
0.568858
1.52762
1.78516
2.32751
1.14418
1.40201
0.913241
1.69449
2.0469
0.926186
1.62154
1.24651
2.46394
0.78827
2.02905
1.88696
0.424282
2.38567
1.46481
1.05031
2.57253
0.912293
1.08893
1.32048
1.50664
1.51081
0.101182
1.51193
1.25611
1.0053
0.820934
2.11756
1.06175
0.566519
0.59755
1.93107
1.01511
3.33024
3.09056
1.39972
2.12693
1.96795
2.49094
2.91618
1.70483
0.417109
0.988519
4.04256
1.94272
2.58266
1.85252
1.31325
0.965647
2.1454
4.25421
1.50356
0.865981
1.50779
1.03976
1.135
1.95488
1.8359
0.834182
2.49558
2.11021
0.741128
0.523972
0.370109
0.397535
1.62179
1.738
1.2767
0.590519
1.43232
0.960931
2.96172
1.2968
1.47302
2.27388
1.30304
1.8394
3.23659
1.0216
0.395907
0.396886
0.772936
1.22359
0.911621
1.98466
0.642621
1.08977
2.6899
0.948697
1.80093
1.5711
1.13203
0.877373
0.823795
0.438025
1.10896
1.85789
1.23987
2.8846
3.1832
0.805773
1.7917
1.66092
1.74225
0.866781
2.22088
2.40554
1.39727
0.784059
0.753773
1.51573
1.52876
1.52504
2.05365
1.52458
2.46221
2.20445
2.79049
1.5807
0.959975
0.941131
1.4774
0.929283
1.40867
0.718495
0.755935
0.571867
0.753578
2.46595
1.41816
1.54672
1.21774
0.518548
2.03722
2.41739
0.511339
1.57496
1.71541
1.74645
0.860147
0.833407
2.74798
1.33657
2.33196
1.38135
0.823978
1.37556
1.3924
3.90784
2.7016
1.72118
0.419472
2.45099
1.48809
2.63131
1.09153
1.77023
0.641801
2.65229
0.795538
0.379089
0.846852
0.4122
4.83876
1.10407
2.22504
3.24903
2.19007
1.27355
1.42381
2.32871
0.984641
0.52691
1.72093
2.35037
0.908845
0.298913
1.72347
1.02128
1.01272
1.14019
1.47008
1.84955
1.75212
2.19454
1.48794
0.297699
1.84215
0.769288
1.23357
1.87087
0.763294
0.670464
1.5818
1.66901
1.92666
0.399943
1.27426
1.31195
2.01721
0.61383
1.0202
0.917682
0.854698
1.82766
0.8967
1.73198
1.89476
1.13117
1.23782
0.971875
0.322373
1.55678
0.121464
1.22362
1.26919
0.328347
2.24112
2.07749
0.735468
1.58794
1.29705
2.29869
1.87508
1.40313
1.39291
2.19889
1.29327
2.85212
0.853894
1.63169
2.07482
2.60365
1.32137
1.76791
2.04544
1.13082
2.54454
1.77631
2.17427
0.893888
1.01793
1.48215
1.43505
2.03528
2.43483
1.03335
1.52606
1.18726
0.593664
0.19491
1.73962
0.236757
2.3399
0.823454
1.30442
0.190273
0.906634
1.4291
1.71733
1.08884
0.762336
1.31002
3.67232
1.7213
1.8578
0.949018
2.31356
1.25102
1.68051
2.52759
1.98158
2.70757
2.19972
2.016
1.53397
1.14663
1.03785
1.61771
1.96615
0.487974
1.6125
1.86264
1.66837
0.794946
1.12782
2.08271
3.40452
2.1895
2.33672
2.18248
1.89342
1.19297
1.38469
1.31093
1.72962
2.02521
0.313159
2.45857
2.46567
1.78101
2.78153
1.68231
1.31597
1.98589
0.0272115
0.270413
1.42174
1.19787
1.54726
2.24083
0.908034
1.69999
1.5922
1.92694
0.971412
0.548172
2.02847
0.49896
1.51977
0.730097
2.42298
1.35309
1.55428
2.17425
1.55106
2.53239
1.73335
1.59966
0.983918
2.54025
2.15338
1.44965
3.09554
1.90041
1.20246
1.97551
0.545247
0.738704
1.73988
2.43994
0.941732
1.75368
2.03235
1.56273
0.57846
0.455566
0.402609
1.4361
1.58217
1.58886
1.54798
1.19973
1.06986
2.40791
0.737742
1.27122
1.20735
1.14867
2.61754
2.01403
1.6525
2.17646
0.112764
1.88183
1.68287
1.72595
2.74512
1.64825
3.13315
2.37288
1.90696
0.536306
2.21574
1.03569
0.869103
1.18733
0.47387
1.70126
0.777558
1.50436
2.10829
3.14123
1.80125
2.43177
2.56741
1.68641
0.71007
1.30325
0.868529
1.46422
0.249229
0.800785
0.204491
3.31132
0.499022
1.97749
0.55719
0.751882
1.9287
3.78232
1.93445
3.11258
0.878748
1.52541
1.80838
1.56348
1.12463
1.38142
0.778772
0.723243
0.357172
2.71138
1.42231
1.45674
1.84333
2.02814
1.75834
1.64608
3.74187
1.33306
1.14055
3.60638
2.03048
2.59171
1.28516
2.07788
1.53033
0.413939
3.02599
1.88088
0.447287
3.47519
1.72932
2.48391
0.817647
0.747139
1.47766
2.0182
0.155624
1.03994
1.59787
1.20565
2.26471
4.13205
1.18418
1.42182
1.22929
1.30477
2.09941
1.52681
1.11988
0.553858
1.90185
0.806335
1.21177
0.537187
0.52766
0.934826
1.34733
0.999423
2.79524
2.63863
2.13376
0.416316
1.07821
1.23861
2.46738
2.23375
1.97412
1.76941
2.23248
0.653288
0.638538
1.79428
2.2082
1.3616
1.12377
2.23427
2.4689
1.90322
2.25793
1.70813
0.392288
1.92891
0.864705
0.20256
1.99066
0.802389
2.23326
2.65241
0.872661
2.2317
1.33258
0.540608
1.3119
1.5235
0.554666
2.07376
1.0718
0.861575
0.661296
1.08029
1.71489
2.10801
0.507725
2.12364
1.03285
0.949989
2.08287
3.2995
1.91013
0.335034
1.02676
0.598741
0.609223
0.589061
1.88399
2.10931
2.52941
0.813931
1.43446
3.57062
1.60734
1.40427
0.305277
1.22063
0.568468
2.29188
1.36896
2.25481
1.60609
1.14374
0.284218
1.58782
1.90445
0.973931
1.26268
1.20609
2.38533
0.869872
1.16214
1.60822
1.59869
0.644161
0.805055
2.42113
1.70855
3.21158
0.632569
1.16714
1.06951
0.96591
1.3805
0.720439
0.424979
1.18627
0.354734
0.787448
1.13723
1.92789
0.343871
0.17835
3.03666
2.71731
1.8146
2.50862
3.06615
2.5271
2.78904
2.05701
1.24323
1.32487
1.36044
3.19263
1.29773
2.52028
1.33607
0.871398
1.5122
1.04314
0.426792
1.06068
1.47642
2.34378
1.0252
2.02254
2.8879
1.92095
1.69601
2.12588
1.68606
1.83072
2.09645
1.34672
1.29208
0.962299
2.39446
0.145001
1.89013
2.17237
2.58163
3.03448
0.781279
1.91541
0.658152
1.17083
1.49288
2.44625
1.89849
2.68571
2.00328
4.09417
0.554988
1.27977
1.81197
1.54504
0.88697
1.79742
0.566623
1.92516
2.00137
2.22343
2.56736
0.765782
1.75447
2.39039
2.16134
0.287315
1.94663
1.1236
0.679173
2.67534
1.6179
2.20786
1.64749
1.03149
2.41374
1.32372
1.3713
2.19466
0.364611
0.210483
1.27642
1.95088
2.09242
0.442105
1.04678
1.40977
1.03123
2.77759
1.48491
1.77925
0.269347
1.74153
1.89834
2.9065
1.34779
1.74731
2.71315
2.37383
0.94295
1.6361
0.909223
2.12931
1.55712
0.754856
0.548225
0.955717
0.997666
1.60727
2.5673
0.645564
0.47019
0.585292
2.1288
2.80766
2.06947
2.62234
0.871732
2.38257
2.38711
2.51599
1.47186
2.53685
1.32759
1.66791
0.954045
2.3577
2.68585
2.49327
1.56406
0.815408
3.14671
1.3209
2.42272
1.28139
1.09021
0.799827
2.13136
1.39188
1.96312
1.14097
1.57915
0.458717
0.930449
3.05961
0.0581548
2.61238
1.09808
0.405485
0.654235
1.75032
1.22708
0.558411
2.31434
0.963491
1.78668
1.41031
1.9094
1.89989
1.29098
0.424801
1.88895
2.47183
0.890683
2.55158
2.45655
0.584292
1.38835
0.948774
1.77959
1.87823
2.44758
1.40139
1.59368
2.08901
1.54556
1.26251
1.45772
1.30455
1.1796
2.36298
1.61843
1.36493
1.1372
0.861023
1.26066
3.06111
1.40681
0.415555
1.53768
1.43936
0.876056
1.42058
2.35837
1.35146
1.44603
1.36772
1.11508
2.37663
1.63635
0.445813
1.34549
2.82171
0.704759
1.9273
1.11935
2.41164
3.43299
1.76769
0.349949
0.899988
2.04045
1.77359
3.08455
1.49088
2.4267
1.1134
2.55726
0.856038
1.85962
2.30369
2.26658
0.317855
1.23261
2.04912
1.58127
3.79627
1.48901
1.41995
3.65097
2.16181
2.87812
2.51008
0.907042
1.74123
0.502114
0.821725
1.22511
0.572808
0.888519
1.01153
2.18194
2.55297
0.962836
2.26933
1.36853
1.67354
2.84431
3.14722
0.243369
2.44281
1.94134
0.216788
1.6489
1.40339
1.54244
1.65135
0.685399
2.76616
1.92215
2.44815
1.74728
1.17342
1.37388
1.79625
3.24498
0.233317
1.59938
0.529003
0.859831
1.46961
1.60399
1.39181
1.15547
1.78156
0.268653
2.45056
2.19878
1.48346
1.53998
0.925949
1.07218
2.25484
1.07534
2.28523
3.17703
2.5735
1.46306
0.899845
2.3917
1.5713
2.30104
2.1758
0.895939
1.41037
1.48976
1.10696
1.25072
0.689507
1.60601
0.889142
1.62641
1.90794
0.35089
0.421928
1.38302
0.924974
1.84191
0.437379
3.26192
0.783109
1.68207
0.810578
0.397945
3.0482
0.618332
1.53594
1.38952
1.34505
1.05938
1.14989
2.65694
1.11956
2.34664
0.769395
1.5446
2.1994
0.238706
1.80219
1.52619
2.53934
3.16884
0.899791
2.02762
1.34288
1.77079
1.61136
0.855507
0.184008
1.07838
1.0019
1.22365
0.960393
1.39851
0.758348
3.16821
0.970522
1.86227
1.85189
0.391618
2.05741
0.918278
2.45057
1.91478
1.80527
0.954983
1.01859
1.39197
2.17472
1.15839
1.34304
2.69679
2.31638
1.8076
1.84589
1.48651
1.77695
0.457472
2.07735
1.47634
1.43014
2.83544
1.18529
0.611492
1.03311
1.92305
0.507839
1.87274
1.00239
0.724065
1.23457
0.760006
3.57306
1.30989
1.54209
1.18567
1.0211
0.853679
0.0963355
1.64528
0.231925
1.67801
2.04928
0.635824
0.696589
0.890959
2.73892
4.21324
1.66198
0.779352
1.40951
1.26185
1.02076
3.31947
1.76881
3.57586
3.41508
0.257923
1.62786
3.36611
1.46521
2.87759
0.742371
1.70645
0.746369
1.03918
2.75989
1.94202
2.33853
1.45588
3.47087
1.11039
0.917956
1.81682
2.55407
1.05568
2.78108
0.894844
0.709864
1.71967
0.809292
1.08694
1.43614
0.904679
1.39963
0.701855
1.17322
1.04863
1.27498
3.24571
1.59328
1.86161
2.26756
0.131731
1.37923
2.70197
1.61306
1.79031
2.31598
0.293567
1.55012
2.85356
0.967267
2.2524
1.3779
0.879515
0.284601
3.11003
1.49892
3.02394
1.17759
2.10314
0.848172
1.19082
1.5824
1.20273
2.9968
1.66783
1.86913
3.03997
1.75966
2.01112
2.01779
0.864186
1.30138
3.64614
1.77812
2.90538
2.22021
3.04299
2.19289
2.67505
2.63233
3.05047
1.59873
1.97283
0.45159
2.31928
2.53787
2.03345
0.648481
1.96455
0.972131
1.34089
0.728216
0.774222
2.43401
1.42904
0.891414
1.71435
1.2646
1.60137
1.77272
2.93472
1.70479
0.956532
1.25813
1.11036
1.91446
1.71451
1.10809
1.29362
1.37301
0.97144
1.82948
2.45728
1.04327
1.76414
1.58639
2.36494
2.4064
0.735549
2.03942
0.83535
0.906533
0.616694
1.28589
1.12961
1.28675
1.39905
1.27892
2.00198
2.32143
2.16279
1.37624
0.756444
1.47833
1.91431
0.954585
1.97649
1.22335
1.93475
1.04578
2.85921
0.375203
1.61583
1.54786
1.2636
0.340092
2.21115
1.66772
1.07507
1.99043
0.266137
0.606237
2.52135
2.92623
2.07196
1.52397
2.97631
2.27759
0.927899
0.554562
1.72455
0.682843
2.67515
0.264452
1.37125
0.272016
0.846386
1.28514
0.618883
2.6937
1.57696
1.34216
0.358155
2.44189
3.35607
1.77612
1.12192
1.06452
0.826228
1.16615
1.26761
1.3678
0.572828
2.77556
1.42384
1.4606
0.881406
1.34932
2.91148
1.55419
1.25794
2.01976
1.57143
1.14438
0.913468
2.02393
1.66551
1.2769
1.23764
2.86401
0.954026
1.33267
1.88613
1.51302
1.0268
0.514113
3.37789
0.219393
1.15502
1.36497
1.68315
1.0566
0.869962
2.9906
0.670516
2.72093
1.40134
0.689038
1.25889
1.58635
1.46114
0.723352
0.352426
0.838069
1.27075
1.26688
1.55298
2.10477
1.98105
1.10879
0.85079
0.923087
1.25578
0.83342
1.59754
0.401894
1.51543
2.00894
2.13606
0.792664
1.5907
1.54131
0.929394
1.66777
0.506021
0.539336
0.366965
3.79383
0.488022
2.50097
2.83319
1.16719
0.891647
0.609413
0.809767
1.98868
2.04427
0.781382
1.0887
1.47546
1.01078
1.2426
5.48271
1.94262
1.44607
2.55836
1.68279
1.3466
3.26987
0.374975
0.807536
1.92107
1.63232
0.438536
2.72606
1.89296
1.06925
0.878389
1.69661
1.61624
1.86315
0.137044
1.71809
2.27199
2.61128
1.34533
1.28922
1.18119
0.674883
1.44049
3.53412
0.411587
1.93024
2.09621
1.12367
1.90621
0.717982
1.94205
0.574657
2.30274
1.24911
0.810556
3.09719
0.977592
1.77226
2.30897
1.26851
0.999918
0.949251
2.53056
0.963685
1.04138
1.17593
1.87869
2.30364
1.47897
2.03087
2.80248
0.781443
0.205566
0.600675
0.354125
2.25694
1.1961
1.36989
0.432792
2.27474
1.71962
0.71707
1.32316
1.90525
1.47594
2.2235
2.02304
2.22188
0.84113
0.197381
1.25323
2.37577
1.4019
0.423956
1.97556
2.04181
0.560477
0.100297
0.333967
0.971845
0.877961
2.64349
1.36497
1.03157
3.73017
0.672493
1.52771
1.16732
1.92175
2.55778
0.661862
3.05517
2.40968
2.21483
0.922259
3.34291
3.68238
1.86938
2.01272
1.19205
3.242
1.45837
1.96245
0.886367
0.491941
0.627161
2.23491
0.652633
1.98187
2.04467
1.5357
1.39881
0.951698
1.74884
0.579538
1.69183
0.783772
2.21055
1.02529
1.09269
1.90132
1.1328
2.47577
2.63411
1.36928
2.20832
1.14253
1.70614
0.923158
1.46622
2.47943
1.0408
1.05406
2.2637
0.723193
2.13402
2.34249
1.34283
0.876107
0.488199
0.717742
1.35831
4.23263
0.729587
2.16571
1.3183
0.383134
0.183958
0.713762
1.26372
1.25314
3.42687
1.98194
0.857605
0.715916
2.51889
2.09204
2.2753
0.156768
1.33169
0.815086
1.30357
0.937963
3.41124
0.923405
0.907277
1.77582
1.30999
0.760923
2.57289
1.48191
2.13634
1.74649
0.599828
0.299691
0.710039
2.2271
1.61398
1.62647
1.43809
2.83441
1.20554
0.908537
1.93029
1.75451
2.04004
0.87312
1.4639
1.17734
0.310722
2.25948
1.31634
1.66851
1.40325
0.998624
2.29133
1.78857
2.2073
1.01639
3.51576
1.81426
1.02495
2.31143
2.81279
1.92349
0.996491
0.269025
1.43325
1.91725
1.08865
1.75275
1.66083
2.53094
1.3358
2.09977
1.12826
0.856869
0.450821
0.874862
0.880277
1.73256
2.4701
2.27075
2.49048
1.13173
1.58451
1.84099
2.0749
0.491493
1.11955
0.539067
1.00668
1.10302
0.73333
0.587773
0.99623
2.36728
1.65277
1.70417
2.19791
0.586818
1.5259
1.41537
0.765763
0.234834
2.71745
1.44154
0.648915
1.56844
1.08864
1.75457
0.55672
1.52757
0.555597
0.5875
1.62738
3.17629
1.94216
1.04158
2.03222
1.62742
1.09315
1.50949
1.09504
0.379905
1.70531
2.09356
0.419537
1.14126
1.05183
1.1183
1.86214
1.51048
2.50405
1.6806
1.63999
1.62423
0.919742
1.95604
1.49153
0.267097
1.71474
1.61955
0.475256
1.14559
3.10383
1.6775
1.25429
1.35078
0.916287
2.092
0.914796
3.10422
2.20314
0.973652
1.14646
1.15549
0.523772
2.61015
0.67457
0.561295
1.2452
1.32364
0.998291
0.674529
2.46951
1.47249
0.857855
1.13616
2.51941
1.42221
0.904224
2.16367
1.69047
2.22268
1.7829
0.954543
2.35503
2.51625
1.72468
1.24146
2.33758
1.15097
1.66824
0.585666
3.87632
0.890232
2.73593
1.36447
0.861087
0.463661
1.68269
1.33058
0.588909
0.716093
2.10981
3.51988
1.28019
0.959747
1.69365
1.73018
1.52395
1.03274
2.90378
1.27751
1.6095
0.326708
1.87574
2.90492
1.74852
1.77474
1.13544
1.21554
0.675742
1.56304
2.52391
2.00252
1.9645
1.67067
1.97337
1.34992
0.685349
2.18407
0.900428
0.592313
0.707018
2.10149
2.43461
1.22064
1.61718
1.71526
0.810122
0.753888
1.66305
2.52819
1.1949
2.28105
1.23904
3.30532
0.412664
2.38561
0.975203
1.88278
1.82463
2.2794
1.88977
1.50865
1.2769
1.86262
0.377437
1.48284
0.624972
2.30949
2.20207
1.64288
1.45743
1.31201
0.544858
2.45523
2.10583
0.7449
0.13359
0.601099
2.01836
0.878628
1.71222
1.07261
1.53824
0.847332
2.44329
1.82631
1.17382
1.87456
2.27758
1.54413
1.62436
1.68568
0.860016
0.963321
0.351468
2.92875
1.99674
1.31119
2.90557
0.870344
0.937496
0.243216
2.06303
1.35078
2.26677
1.01374
1.19832
2.25695
1.28308
2.87709
2.0769
0.88105
1.78835
0.152486
1.15726
1.34655
2.41524
2.49639
1.06649
1.63107
0.170412
0.144666
0.649364
0.590638
1.5061
0.556668
0.376095
0.19582
1.90516
1.34928
4.30923
1.57955
0.356019
1.79053
1.50525
2.55125
0.347953
1.70545
0.129783
0.923332
1.06557
1.2009
0.452607
1.62545
1.70897
2.03555
0.715437
1.02144
0.806599
1.30957
1.65084
2.07405
1.59652
0.188735
1.67471
0.649801
2.60108
0.994008
1.07485
0.318999
0.853435
0.828471
1.9131
1.35278
1.27697
0.894155
1.84045
0.620315
2.85577
1.49034
0.563912
1.38907
0.368721
0.864217
1.46568
0.498533
2.15834
2.85162
2.34676
1.84436
2.54173
1.22227
1.82345
2.04396
1.62918
3.13368
0.536869
0.941572
2.97044
1.69935
0.959669
0.499785
1.02923
0.378474
1.02867
1.7838
1.27178
1.61268
1.44361
1.41043
1.93053
1.41218
2.90092
0.849357
2.95276
0.947922
0.756538
0.873347
1.87815
1.89776
2.48022
2.48594
1.23696
4.57937
1.46511
1.9702
1.22099
0.260994
1.49047
1.67093
3.23103
0.725785
1.53016
1.9838
0.791953
1.27178
0.499194
2.29274
0.9288
1.04522
1.34619
2.42674
0.204907
1.36799
0.769234
1.44145
1.29929
2.72739
0.926793
1.67506
0.245805
1.41252
2.68078
1.95209
0.913847
0.671091
1.58803
2.3201
0.515361
2.27992
1.65811
0.910936
1.25011
0.438823
1.23608
1.7299
1.64834
1.4636
0.888889
2.70667
1.59047
1.16672
2.21296
1.61836
2.04226
1.69418
2.41015
1.63094
0.768392
1.45643
2.66558
1.42241
1.1722
0.108159
2.11413
0.729777
0.696361
1.53445
2.88355
0.918415
1.4518
1.04429
1.13901
0.438781
0.504057
1.56178
1.30213
0.877711
1.9564
0.527786
2.34763
2.75889
1.54802
2.41241
0.452822
2.94477
1.99044
0.84762
2.7111
1.75862
3.5939
1.58221
1.46428
1.19785
1.56392
1.63043
0.652827
0.551068
1.78608
3.77881
0.333464
1.59725
1.7453
3.70798
0.320871
1.10734
3.19446
1.03366
1.21962
1.16652
2.4288
2.42598
4.59566
1.67101
2.25574
1.23533
1.30946
3.17883
1.77726
0.73892
1.7465
0.116952
1.82981
0.676846
1.94168
0.466439
0.168474
0.419157
2.47833
0.461585
0.539861
1.56162
1.59046
1.11097
1.89798
3.14638
0.902521
0.565446
0.234209
2.46759
2.20727
1.31203
1.41016
3.14253
1.06418
1.36426
1.70916
2.12075
1.75185
2.42026
2.20898
1.73535
0.77887
2.44186
1.28546
0.551041
1.74111
1.45768
1.77125
1.15686
1.15676
0.606482
2.36633
3.65874
2.14806
1.57428
2.10153
0.686571
0.848746
3.61445
1.7412
2.37984
1.08188
1.22289
2.10802
1.42426
1.18406
1.56837
1.41466
1.64367
2.35056
1.07334
2.14664
1.97554
1.10945
1.48296
1.38181
1.5966
1.52767
0.975026
1.93084
0.706162
1.60919
1.50296
1.30339
3.63415
3.1554
2.22273
0.878973
1.14473
2.55258
0.674091
2.30121
1.9416
0.902602
1.1087
1.46176
1.09302
1.06494
1.95312
2.00312
2.6857
1.09681
0.734912
1.53103
0.610043
1.93703
0.979959
0.478409
0.701342
1.07241
1.43975
0.223209
1.48203
1.5813
1.25354
1.88576
1.66027
0.213572
2.99137
2.69395
3.86356
1.74282
1.70804
2.189
2.8484
1.26774
0.760769
0.692296
0.891071
2.02554
0.33303
1.00425
1.09917
0.870932
1.63666
1.38871
1.13619
0.941037
0.700129
1.99893
1.5001
1.6294
3.69117
1.87936
0.543681
0.5807
0.569082
0.693747
1.1252
1.04627
0.670115
1.53835
2.04442
0.211957
1.20132
1.79163
0.25102
1.21399
1.89845
1.57327
1.79694
1.40404
2.8715
2.43199
0.905222
1.26143
0.787737
1.7281
0.771429
2.47329
1.69476
0.787235
2.70705
1.64927
2.00619
2.55379
1.272
1.68985
0.924024
1.37709
1.12322
2.14212
0.196741
1.96613
1.55819
0.501944
1.32197
0.641991
1.58361
2.28971
2.2007
0.767892
2.44422
1.67617
1.0829
1.28823
1.34058
2.99256
1.26834
3.05302
0.715758
0.390999
2.03445
1.65782
0.146612
2.20908
0.388372
1.00815
0.619129
1.42763
2.31671
0.487156
0.936511
1.20529
1.49083
0.778058
2.64741
1.61807
0.723389
0.82865
0.88405
0.673734
1.07237
1.08809
2.21222
1.44293
0.296251
1.02173
1.09733
0.947111
0.784148
0.652512
1.07596
0.640863
1.68652
1.09554
1.34582
0.859781
1.38699
3.6196
3.44096
2.17575
1.14413
1.09075
1.12745
1.81781
1.11235
1.77412
0.816003
1.84656
1.60003
0.233658
2.39883
1.52333
1.72143
1.8411
1.50842
0.613754
1.87519
3.19176
1.63331
1.89546
2.55984
0.890055
1.07979
0.667155
0.18032
2.29327
2.35084
3.53385
1.25783
1.36605
1.73757
2.00092
1.8735
1.9151
2.27805
1.07847
0.915374
1.84882
1.31665
0.853072
3.27499
1.34869
2.55406
0.903826
0.854096
1.89604
1.33851
2.51686
1.17759
1.62365
0.748309
4.89761
1.61137
2.3054
0.987687
0.885025
0.148546
0.802067
3.75775
3.33346
1.93684
0.817618
2.4033
2.66152
1.09482
1.80059
0.833771
1.20904
2.04763
1.04876
2.54029
1.33607
2.17417
2.07219
0.916901
1.37884
0.355614
0.947908
1.74107
1.24424
1.79591
1.0213
0.380433
0.503416
2.0166
2.35105
1.02342
2.77072
1.10853
0.190941
2.94393
0.743419
1.86342
2.35137
1.33748
1.18835
2.32195
1.48949
0.855317
1.20563
1.96563
2.92637
2.21895
0.459265
1.12771
1.71511
1.73322
2.06458
0.986308
2.72031
1.91114
1.60432
4.47471
0.774501
1.62691
1.83285
1.07248
1.40835
1.26719
1.7928
2.43949
0.883794
1.47181
0.773611
1.57385
0.769476
1.24629
0.991971
1.9871
0.458299
0.638599
1.17476
1.31045
2.18564
1.52585
1.20913
1.38459
0.589432
1.89
0.810874
1.53168
1.63062
1.40289
1.53329
2.82148
1.03617
4.38481
2.30003
0.433625
2.89613
1.29795
2.0115
1.15445
1.48045
0.550105
3.61063
2.10036
1.02716
0.856663
0.67626
0.345631
2.15943
1.72214
1.60895
3.2208
1.21813
0.648739
0.868963
1.77453
1.26804
2.3273
1.14616
1.47474
3.95044
0.175876
1.68539
1.04589
0.964013
1.79375
2.33406
0.686791
0.538666
1.35981
2.59418
1.76379
1.67348
3.81331
0.791012
2.2829
1.03575
1.38836
0.458761
0.603474
1.59436
0.323334
1.82417
1.56675
1.021
0.975744
1.4646
0.741294
1.31234
0.440273
0.916754
2.66881
1.66674
0.998662
0.581604
1.46254
0.445713
1.28146
0.796361
1.48374
0.597349
0.773559
1.75342
2.26007
1.83053
0.448896
4.34814
3.0182
1.74479
2.30959
1.36035
0.915424
1.40059
2.1731
2.05827
1.14155
3.07389
2.09372
1.47362
1.40123
2.7299
2.00411
2.16433
1.11189
2.34482
3.19825
1.14717
2.00787
1.11251
0.504873
0.469921
1.3944
0.320151
0.801918
2.54286
1.43762
2.63609
2.20858
1.2404
1.74128
1.16051
0.918554
1.03384
2.34658
0.553484
1.1884
0.780353
3.5204
2.02813
1.21923
1.72581
1.23149
0.17821
0.968858
1.30247
1.37355
4.16098
2.75235
1.06465
1.44734
1.27557
1.64307
3.25675
0.540088
0.306731
0.123256
0.828369
1.52254
1.38636
0.551366
0.399362
2.56823
0.308059
0.589959
0.958527
1.6053
2.60168
0.905929
0.378214
1.00658
2.22155
1.17935
2.60158
1.06303
0.878026
1.49622
1.16048
1.40036
1.87601
0.836671
1.54848
2.83852
0.893402
4.25435
1.17366
2.12454
2.46784
0.535434
0.566763
0.993392
1.48383
1.7031
1.73296
1.30751
1.82609
1.40091
0.762904
1.285
2.41417
2.39042
1.35943
2.10422
0.644525
1.68007
2.09013
0.975754
1.64988
0.789485
1.07163
1.48933
1.79664
1.31866
1.93897
0.220561
1.69595
1.91259
2.52433
0.604342
1.6081
1.07759
2.29503
1.94797
0.976537
0.969007
1.30723
2.11685
0.952151
0.933445
0.495132
2.38762
0.81282
1.69164
1.51603
1.7679
1.00954
0.894757
2.20977
1.79608
1.73061
1.2697
1.32877
1.51546
0.500202
2.44324
2.35674
2.85463
1.94531
1.16844
0.326276
2.01923
1.95301
1.40332
2.1169
3.29285
1.41962
2.2447
1.33807
1.16455
0.217164
2.09371
2.6505
1.19341
0.922402
1.43112
1.63383
0.700612
1.01593
1.93123
1.57399
0.517014
2.31475
2.57547
2.07309
2.09705
2.5601
1.58226
1.78397
1.21694
1.30141
1.09801
2.24637
2.52703
1.03166
1.72393
1.16399
0.981395
0.893142
1.5366
0.572645
0.700258
1.6731
1.93085
0.611727
1.85802
1.47057
3.46499
0.647597
1.70239
1.20353
0.723157
1.69097
1.53765
1.41748
0.274192
1.35459
2.19538
0.516253
1.07118
1.27971
4.36783
0.66568
2.65909
0.39088
1.15394
2.41908
0.96538
0.594977
3.3555
2.7302
0.829946
2.23433
0.807066
2.46408
0.921763
0.972923
0.508991
0.705569
2.50657
2.27449
1.65547
0.653317
0.163314
3.84158
1.03336
0.618626
1.01762
1.45237
2.14735
1.57098
1.52462
0.836475
1.94533
1.35776
0.655033
0.929077
2.82914
0.243459
1.33939
3.43428
1.08339
1.68058
0.633453
0.599212
1.1744
2.66916
2.45582
0.976563
1.44875
1.5278
2.33142
2.89867
0.508629
0.198651
0.738622
1.20495
1.38995
1.29221
1.99147
0.535624
1.92306
1.43235
1.12032
1.55
0.538429
1.84815
2.14375
0.536429
2.68249
1.70439
1.11894
1.02647
1.68419
1.19339
1.48273
2.5299
1.43078
2.17906
0.525603
2.09319
2.82406
0.939469
0.332156
1.94486
1.36487
1.69323
0.749471
1.95979
2.12047
1.69362
2.57947
1.20283
2.48619
3.02126
3.94664
0.446484
1.04124
0.854196
3.37114
1.21451
0.810954
0.911713
1.20881
1.42596
1.20455
2.19461
1.09726
2.45747
2.13721
2.50103
0.748953
0.216884
0.377065
1.73592
2.06214
0.336406
0.523185
1.71902
1.11032
2.8372
3.31153
2.93432
3.7101
3.01112
0.770644
1.64886
1.72889
1.74034
1.86359
1.70884
1.174
0.290935
2.94266
1.28805
1.61121
0.830673
1.85567
1.83852
1.92857
0.293657
0.511756
3.19414
1.67701
1.95891
2.59535
0.663378
1.66675
2.4836
1.56458
3.88644
0.719083
0.511286
1.00958
2.26693
2.44466
1.09376
2.17982
0.719737
2.67754
1.42349
1.14187
1.34965
3.60088
0.481628
1.18618
1.04429
1.1722
1.79495
0.89875
0.489817
0.344952
2.02881
1.45175
1.03883
2.66292
1.34507
1.86379
2.27792
1.40438
1.00204
1.69247
1.72003
1.15395
1.41709
0.610239
2.31013
2.03086
0.437307
1.55203
0.779848
1.44021
1.17505
0.639235
1.74946
2.22421
1.51324
3.14945
2.94575
1.45775
2.03016
1.08743
2.32947
1.73512
2.06685
1.6259
1.94695
1.25776
0.992058
1.87211
1.03821
0.638484
0.500777
1.53213
2.29325
2.62467
2.33117
2.26458
1.05411
1.74979
2.67589
1.31265
0.565709
0.471147
1.77051
0.998057
0.204682
2.11672
0.610749
0.943289
0.507615
4.7284
1.80772
2.33575
1.76195
0.752106
0.39863
2.54425
0.881884
0.787771
1.31509
3.65299
0.853667
1.16868
2.59616
2.63548
1.18992
1.61681
1.37017
0.426861
1.86484
1.47986
2.44805
0.631582
0.746918
2.82027
0.954694
0.47538
1.82097
0.723526
0.666831
1.82994
2.33178
1.70319
0.163171
0.847703
1.38588
3.0113
0.773479
1.2448
2.18284
1.17156
2.92073
1.37335
0.838324
0.781944
2.06028
1.99113
0.732593
2.4419
2.16516
0.924377
0.964291
0.870426
2.66985
1.63031
1.88162
0.625297
1.56323
0.482316
2.58899
1.36376
1.27425
0.735961
2.24482
1.69785
0.561382
2.48239
0.870795
1.93442
3.17087
1.84805
1.46237
0.272787
2.33703
2.5281
1.45507
1.27814
0.520145
1.73434
1.65367
1.02671
0.55581
1.12063
1.55714
1.12175
1.17588
2.42705
3.19304
0.74634
0.123564
0.930905
1.01191
0.920407
2.10817
0.91769
2.69332
2.25346
1.51489
1.79521
0.7284
1.85408
1.0711
3.08166
3.1687
2.1244
2.85215
1.38724
0.884452
1.03107
3.01877
0.671632
2.05535
1.45065
1.95485
0.472406
3.5738
1.21762
3.41274
3.70486
0.870266
0.245239
1.30108
1.85228
0.879425
2.95031
1.76522
1.57611
2.88147
1.22572
1.6918
1.17378
3.60507
1.61255
1.08819
0.0283596
0.611645
2.04052
0.671361
1.22259
2.3644
1.21562
0.412162
1.71208
0.43427
0.999672
0.738388
1.01401
1.72756
0.81086
2.94175
0.962944
1.44939
0.548658
1.10531
1.41427
1.63732
1.07827
1.12553
1.35137
1.8909
0.926549
2.64872
1.19869
0.849559
1.39708
0.76107
1.56124
0.425681
1.58782
1.42887
3.53177
2.68592
0.802059
1.55859
1.83835
0.394158
1.01829
3.05704
1.27231
0.829104
2.05248
1.51838
1.30843
0.710805
1.14787
1.15859
0.606588
0.85736
2.23634
1.09241
1.90959
1.38597
3.34894
2.60646
1.38272
2.25887
2.88656
1.26004
2.26747
1.8486
2.33048
3.73082
1.33025
2.9389
1.89329
0.294087
3.53506
0.91942
0.634396
2.20713
1.47013
1.03156
1.37661
0.105854
1.59758
0.960254
1.27383
0.137923
2.8302
2.36606
2.37164
1.23779
2.41576
4.77881
2.46758
3.25545
1.73981
2.51053
3.01454
1.7392
0.797133
1.31536
0.355113
1.97291
1.0914
1.60572
2.93067
1.56832
1.65382
1.41753
1.83232
0.50603
1.79025
3.62917
1.1389
2.30395
0.87108
1.49804
0.634677
3.17081
1.50636
1.37679
2.79006
0.974319
0.355059
1.01274
2.41796
0.471106
2.2181
2.60677
1.45202
2.2429
0.215214
2.01161
2.8677
2.58406
1.21991
0.903173
1.11221
1.99692
1.22909
1.38734
1.45597
0.404879
2.7771
0.8428
3.03382
0.948601
2.3237
1.47744
1.4403
2.07449
2.20727
1.59415
1.09155
1.49232
1.99122
2.98301
1.0653
0.580008
3.00192
1.09838
0.244729
1.84052
1.60883
0.33599
2.95378
1.90676
1.17679
2.33133
1.32485
1.57154
1.31296
2.62359
0.660359
2.95185
1.64251
2.58555
0.805559
1.40036
1.64531
2.23351
4.2746
0.633143
1.82962
0.810843
1.03585
2.50387
2.84202
1.79273
2.80636
1.83311
1.69456
2.30484
1.06936
1.29631
1.10394
1.04575
1.36702
2.04822
0.905729
1.64711
1.06024
1.74022
2.56289
0.821772
1.0249
1.64625
0.110504
0.94498
2.58172
1.03887
1.42364
2.74997
1.72774
1.37002
4.17603
0.638238
0.485509
0.70225
1.7786
1.04187
2.44738
1.39443
1.14175
1.08386
0.108588
1.31563
2.16343
1.20374
1.79532
2.94986
1.75307
3.03827
0.467535
1.70259
2.53035
1.68743
0.938374
1.44101
1.03908
1.05915
1.90413
0.863069
0.667489
1.96551
1.11205
2.77315
0.694812
0.81278
1.60969
1.60899
1.10137
1.44265
2.09762
1.31407
2.33608
1.79518
0.840259
0.948949
2.20586
1.81649
1.14564
2.17004
1.05633
1.19034
0.8358
1.97093
0.437412
2.18161
1.48814
0.107861
0.482996
2.35286
2.77321
1.00325
1.00782
1.42785
2.5648
2.72378
1.18965
1.01269
2.14118
2.34286
0.0875404
0.249834
1.0005
4.17773
0.801946
1.06111
1.10891
2.7289
0.565497
1.8963
2.90866
2.52844
1.1309
1.20006
1.56795
2.38261
2.64865
1.57769
0.32497
0.775306
2.07249
0.474813
1.61495
0.358805
3.03928
1.02117
2.00123
2.38942
2.27757
2.71226
0.420762
2.03731
2.09033
2.22776
2.03231
0.167221
1.18095
2.25953
1.01743
2.8806
1.39418
1.58205
1.50033
1.38389
2.23699
0.537241
1.74091
2.03475
2.69226
0.635677
2.34315
2.74847
2.30376
1.91876
3.42424
1.91788
1.37684
0.62027
0.619828
1.9355
1.0592
1.21911
0.68091
2.29665
1.66724
0.960379
1.20367
0.631959
0.437217
0.356557
1.2553
1.15009
1.49825
1.41984
1.34841
0.328636
1.15694
0.342073
0.563754
0.896955
2.10624
0.601276
1.65848
0.521117
3.06957
1.09116
1.28076
1.22918
0.484027
0.389347
0.892156
0.464799
0.733149
0.864884
0.70774
2.27365
3.8106
1.87058
0.391809
1.37754
1.22881
1.4697
0.589879
1.29348
0.907801
2.06514
1.83149
0.662958
1.49119
0.619973
0.657229
1.82589
1.04743
1.98335
1.25595
1.24601
1.15195
1.70489
1.66411
0.6826
1.37654
1.29318
0.388778
2.29116
1.66843
1.19879
0.939301
0.697428
1.76845
1.17148
2.22756
1.01502
0.704574
0.540398
2.4365
1.35333
1.8481
1.70906
1.4594
1.6428
1.77073
1.58815
1.19455
2.1574
1.6379
2.10648
2.02953
0.283462
1.54964
2.11218
1.14354
2.26984
1.1796
1.54512
0.827653
1.4766
1.60548
3.35447
1.36716
1.31272
1.9012
1.16254
0.948488
1.6591
0.559285
1.36899
1.29673
2.50151
2.52249
0.444613
1.31379
1.27108
1.37501
2.76878
3.18531
1.32349
1.76275
4.90413
1.94106
3.07856
0.987928
2.80669
1.21257
2.00387
2.71392
1.18435
0.224804
1.91909
1.22224
1.26181
0.543694
2.52796
2.32626
1.07471
1.27729
0.588772
0.300928
1.60288
2.17467
2.13022
1.86985
1.12114
0.793426
0.368784
0.483774
0.826351
0.79121
2.0982
2.10657
1.69117
2.06715
1.60655
1.80672
1.99232
1.32617
0.986244
2.09783
0.635089
0.77515
2.32815
0.584954
1.19613
0.467865
4.03697
1.42244
2.52248
1.0936
1.12318
0.327195
1.26806
1.54494
1.49786
1.06973
1.94186
2.3082
2.89328
0.459519
1.10645
2.01346
1.91573
1.53031
1.18514
1.12099
0.934322
0.124296
1.82272
1.33461
2.17935
0.849127
0.33923
0.788734
4.0911
2.42981
2.98563
0.817704
1.80191
2.37184
0.349462
0.194654
1.7573
2.11103
1.85747
1.64897
2.68233
1.37467
1.94142
0.372359
1.72437
1.437
1.63633
0.892497
1.22392
0.743989
0.259607
2.68521
3.96638
2.51092
0.892595
1.28062
2.13225
2.40604
1.50766
1.74258
3.40413
0.893712
1.22328
1.16607
1.34415
1.19288
1.98804
2.67007
3.64953
1.08889
2.70001
1.38917
2.81584
0.754693
3.31635
1.31016
2.42387
1.41273
2.06896
2.77728
2.79614
2.25802
0.588712
2.41102
1.16104
2.10062
0.646566
2.41768
0.377702
0.776644
1.74267
2.69406
1.37415
1.60272
2.34645
1.69764
2.14396
0.696322
0.876486
0.937398
2.48227
0.905816
1.95627
2.34011
0.932199
0.999147
1.54945
2.37285
1.82762
0.357126
1.07035
2.87379
2.03947
2.8418
0.99581
2.53977
1.94831
0.451236
0.587048
0.478908
2.08351
1.77028
0.533539
1.39984
1.23953
0.954769
1.30546
0.898143
0.895947
3.27411
2.78507
0.788531
1.903
2.73763
0.682287
1.1416
1.48542
3.83847
2.70931
2.22939
0.963631
1.07325
1.52311
2.9924
1.4396
1.15133
0.544662
0.956877
1.76745
1.56221
1.41624
1.25818
0.953701
4.92099
2.01543
2.0797
0.773304
3.07218
0.721685
0.673505
1.5717
1.4984
1.64319
1.12326
1.83851
0.849625
1.73076
2.17819
1.41975
2.34637
2.51421
2.227
0.593339
0.833137
3.4854
1.62307
0.800228
1.57102
1.01624
3.86683
1.90591
1.48935
1.46121
3.3497
1.46475
2.22298
1.6093
1.22257
1.65709
1.83234
1.78371
0.939149
1.464
2.68967
1.26923
1.57181
1.44227
1.71245
0.581516
1.7103
1.8844
1.06909
1.95553
2.06821
1.37584
0.79756
0.381755
1.63115
0.977606
1.34737
0.858742
1.2945
1.77811
1.60359
1.24998
0.845946
0.510152
1.50926
0.519631
0.696738
0.115632
1.0019
1.14823
0.812551
1.11899
1.98015
3.39967
1.58771
0.746288
0.818999
0.777688
4.02278
1.07601
2.01795
1.56216
0.79624
0.444235
1.71609
1.73053
1.67219
1.24337
2.05356
2.31381
1.61542
1.70353
1.5776
1.60199
1.7801
3.51961
1.81835
0.530505
1.04602
3.92389
0.641872
0.777629
0.827192
1.95583
2.59965
1.93806
0.168262
1.58598
0.554931
0.766006
2.27209
1.97363
1.93492
0.320096
1.78897
1.6519
3.46663
0.622978
1.77002
1.2176
1.57886
1.63871
2.38269
1.64901
1.49644
1.04378
1.58325
1.72131
1.23534
3.62748
1.12393
1.79913
0.379615
1.31837
1.91713
0.959368
2.06497
1.53724
2.00975
1.10097
1.70991
0.79475
1.05446
1.73375
0.386057
1.10376
1.34907
0.871719
1.33936
1.99876
1.42389
0.732286
1.0238
1.17917
1.89163
0.717899
1.5859
1.46886
0.731427
2.46662
1.13237
1.50431
1.41629
3.43303
1.70288
1.51566
2.03595
1.89421
3.08382
2.19439
1.30052
1.89531
2.90275
1.8054
2.80447
0.585902
2.74645
1.62999
1.24308
1.19345
1.03698
1.43148
0.481352
2.53698
0.975528
1.21503
0.798376
2.23249
0.688689
1.03781
1.58133
0.732898
2.0181
0.244032
0.450073
0.693508
1.38322
1.79557
1.00295
1.63162
2.15473
1.11733
2.05446
0.656674
0.486149
1.23535
1.30629
0.997069
1.40877
2.62267
0.50744
1.62494
1.98277
0.891253
0.802532
2.13862
1.21708
0.150971
1.8715
2.16431
1.85273
0.967933
2.03717
2.19344
0.419342
1.70323
3.19649
1.46263
2.00673
0.808373
0.48737
1.94643
1.77028
1.23894
1.79483
1.67062
0.237541
1.10036
1.72854
1.55823
2.03902
0.376435
2.33654
2.30549
2.83939
2.94293
1.67142
2.4732
2.4744
1.59881
1.06339
0.710627
1.00933
2.32857
1.54647
1.34095
0.789438
0.560479
2.40939
1.37104
0.691889
2.11089
0.413895
1.73514
1.71456
1.90192
2.7119
1.46911
1.22267
2.55516
1.14197
1.84781
1.53598
1.38586
1.34128
1.82936
0.80273
0.792979
0.20372
2.06675
0.60579
0.605163
1.0485
1.52603
1.3354
1.37357
1.58254
0.564051
1.92178
0.286129
1.33414
2.88262
0.863716
1.87539
0.686116
0.974576
1.07003
1.31414
0.607597
3.18825
2.25293
1.87564
0.439118
0.897897
0.590324
1.81809
1.36713
1.15826
1.47121
2.5639
2.58727
0.529013
1.81945
0.696168
2.26293
0.893663
2.63055
1.48242
2.13521
1.24771
0.265138
2.00262
1.33031
1.01557
0.886761
1.11184
2.47549
2.35637
0.982473
1.63772
0.777668
1.00344
2.06589
1.77566
2.61769
0.281505
2.53774
0.199449
1.6486
2.50629
2.17334
1.41802
0.591257
1.10237
1.37883
1.87609
1.77359
0.537457
1.43532
0.925888
1.89412
0.618279
1.58456
1.4316
0.841794
0.354052
1.33186
0.380817
1.51929
1.23462
1.01124
0.372255
1.26469
2.03323
1.26925
2.70365
0.583991
0.829943
3.21054
0.797608
3.34794
1.19612
1.25154
1.18222
1.36434
1.41962
1.7806
2.16942
0.907321
2.26277
2.81196
0.80518
2.071
1.20777
2.15267
0.66176
0.60833
2.37197
1.68088
2.00591
1.21481
0.71214
2.96676
1.52045
1.08519
0.529377
1.38727
0.49834
2.6435
1.25676
3.71749
0.764477
2.00152
1.94971
1.63658
2.13035
2.00488
3.59776
0.761627
0.513254
1.12564
1.20132
1.9053
1.79092
1.89365
1.35965
0.55259
2.26855
0.859207
3.03277
1.44814
1.60545
0.530411
0.449552
0.886777
1.87257
2.99987
0.44526
1.89
0.803501
1.24306
1.56229
1.34796
2.26754
1.92245
1.32943
2.39382
0.68927
0.644182
2.25205
1.10627
0.548077
1.0509
3.04721
1.03149
1.92258
0.608217
1.36082
0.777486
0.310772
0.863445
1.40371
3.88394
0.851918
1.89958
0.74658
0.918575
2.46609
2.28306
0.413663
1.33551
1.40436
2.25945
2.32763
1.26007
1.31835
0.896694
1.78075
0.786375
1.32778
0.59099
0.931159
2.58395
1.34409
1.19091
1.2716
1.62624
2.69441
1.2269
0.213915
1.98082
0.997291
1.77657
1.64633
0.376145
2.22905
0.596272
1.73038
2.2839
2.39502
1.20814
1.1088
4.03512
2.44296
0.58414
1.25644
2.03967
0.395334
0.689427
1.44279
1.08531
2.4666
0.516707
0.725371
1.43075
1.3147
1.8449
3.15171
2.2423
2.64867
1.49947
1.81175
1.53388
0.896182
1.27587
1.57283
2.65087
2.27036
1.7896
4.39527
1.08311
1.20126
2.2257
1.1722
0.844411
0.674949
3.04931
1.69981
1.15927
0.809425
1.7361
0.901273
1.43475
1.72961
3.73509
1.0372
4.06392
1.59576
1.4814
1.16349
2.5423
1.52599
2.01383
1.79861
1.42918
1.76919
1.28994
0.607852
2.09784
2.10967
0.988554
1.187
1.05642
2.90897
3.56308
0.807447
3.195
0.842876
1.24683
2.12178
1.71268
1.07687
1.54082
0.548776
1.70758
1.54086
2.67326
0.954603
1.89974
1.13081
1.35089
0.705585
0.967223
2.26939
1.87678
0.932433
1.64137
1.57058
1.58638
1.92677
0.941485
1.48358
1.0417
1.04853
0.376145
0.73617
0.922518
1.50804
2.79641
0.310682
1.42633
1.12502
1.29047
2.54217
0.976786
2.4711
1.70403
0.653343
0.986806
1.46567
1.9848
1.03654
1.20793
3.17146
1.7567
0.883646
2.69036
0.597181
1.2482
2.49886
1.61017
2.12233
2.333
0.905768
1.52736
1.45397
1.50971
1.85184
1.84506
0.736439
1.09339
0.571898
2.20867
2.74502
1.63911
1.37089
1.15204
3.27059
0.601912
0.84334
2.44644
2.33043
1.00522
1.54413
1.69792
2.65854
1.51887
4.481
0.949511
3.68492
1.3033
3.08915
2.58421
1.96207
2.84032
1.89937
2.28616
1.19485
3.55944
2.5995
0.43743
1.18824
2.2518
0.555766
1.29486
1.52479
2.57558
2.46554
1.77193
2.38277
1.61602
2.45295
2.6228
1.92243
2.42304
0.529833
2.61661
2.14185
1.90525
1.57248
2.31275
1.75831
2.37208
0.722034
1.97545
0.456478
1.14546
3.64488
1.23251
1.89906
1.17258
1.54981
3.10067
3.1019
1.03266
2.1997
3.03957
1.8902
1.60048
1.40494
2.28006
1.03257
1.85021
2.48515
1.85033
0.668055
1.36256
0.521503
1.10696
1.49071
1.38487
1.58187
2.15772
1.81541
0.883163
1.42051
1.53215
0.745796
3.93315
2.24005
1.40265
2.43942
2.25587
1.30317
1.71978
2.42167
1.24408
1.6759
1.27924
2.1727
1.7498
2.31773
1.74604
1.48232
1.471
0.853769
1.89599
1.81368
2.04865
3.41204
1.01105
0.338844
2.56614
0.234888
2.15562
1.71745
0.538882
0.503008
2.24738
0.708736
1.4934
1.49127
2.05384
2.14055
0.776102
1.95888
0.874304
0.841395
1.61352
3.20529
1.76459
4.36365
3.70367
3.09159
2.25908
0.359785
1.16648
1.71964
0.454458
0.733462
1.98209
0.540593
1.70871
2.71884
0.255287
1.91728
1.66803
0.936491
0.187308
0.980074
1.31772
1.63071
0.764316
1.82723
2.68562
1.58634
1.48749
0.479089
0.662974
2.2827
0.970721
0.834328
0.128478
0.541452
1.35441
1.58366
2.00803
2.12024
1.41126
0.484789
2.64178
3.10359
0.900176
2.06704
1.80986
2.24576
2.09892
1.14258
0.907265
2.51277
1.46544
1.76982
0.738007
1.50331
2.08402
0.499606
2.03575
3.0568
1.87016
1.11084
1.92901
1.90175
1.81967
2.34116
1.00775
2.21659
1.64209
2.31305
1.09813
2.65075
1.28342
1.53269
1.22164
3.08731
1.16826
1.64879
2.80106
0.833765
1.17027
0.733749
1.02163
2.05639
0.620344
1.18976
1.56252
2.2434
2.09193
0.256322
1.26216
2.28971
2.21061
0.770223
0.181537
0.196829
0.875638
0.615794
1.33141
2.39801
1.02153
1.02511
1.12606
0.772932
2.13053
2.02289
1.81174
0.841709
0.845527
0.98909
0.577918
1.94606
1.31522
0.388987
1.61507
2.38204
2.00875
1.72081
1.22796
1.46486
0.521885
0.623763
0.929212
2.37698
1.03821
2.14792
1.82197
1.35317
1.05595
1.14157
0.845651
0.217292
0.354093
4.00459
2.03224
1.2645
0.0686994
1.89795
2.36969
1.04969
0.629273
0.956237
0.645616
1.32687
1.45337
2.74625
1.43793
1.24601
1.8831
1.09158
1.12247
1.86185
0.294215
1.24777
3.23983
1.46265
1.37711
2.07605
2.29651
1.97911
2.65718
3.0501
1.09186
1.83863
2.11907
1.1184
1.40781
1.46251
0.995525
2.91015
1.59648
1.35177
1.64429
1.55682
2.111
1.10636
0.867123
2.28143
1.05197
0.547681
1.16943
0.641984
1.73499
1.61225
1.00393
1.9888
2.68394
0.822677
3.2262
0.0748069
2.0919
1.96536
0.4032
2.41128
1.26135
3.42827
1.29644
1.90478
3.65662
2.41271
2.00979
0.350848
1.50486
0.803341
1.30037
0.633587
2.23022
1.49309
1.47682
0.878855
1.1094
3.71303
1.53044
0.873471
1.48993
1.07685
0.355466
1.35608
1.70067
1.60788
2.0544
0.898069
0.942903
3.62781
2.9515
0.411381
2.93729
2.12597
2.88697
2.13621
0.828283
2.82098
0.474441
1.95184
1.2284
2.18369
1.39861
1.91128
0.469409
1.86353
2.02218
1.1034
0.948369
0.503736
0.229187
1.55502
0.660766
3.19012
0.990179
2.67851
1.1227
0.563126
1.95053
0.61123
1.79386
0.867378
1.11506
1.94088
2.44068
1.54931
0.631751
2.45793
1.08207
2.29249
1.00024
2.31344
2.14376
0.419819
1.00344
0.92316
0.721103
0.885039
1.27397
1.43525
1.1027
0.121653
2.92047
3.2152
2.24159
0.851744
2.22764
1.97111
2.23447
0.98039
1.15326
1.29021
0.818561
2.45755
2.53939
2.14539
2.41274
2.76749
2.08909
2.13495
0.960268
0.178498
2.59593
0.539252
1.67563
1.84749
2.04569
0.563356
1.74175
3.51308
2.10765
1.44659
0.824723
1.46731
0.974394
2.12599
2.82002
1.08904
1.62423
2.08079
0.736857
0.966737
1.78347
2.05386
1.32323
0.523939
2.01942
2.03919
2.33471
2.14834
1.90206
1.24396
0.689301
0.829226
0.307417
2.26265
1.54336
1.43033
2.06271
1.05325
0.59069
0.291301
3.30712
1.41052
1.05131
1.17853
2.22778
1.06766
0.219864
2.86371
0.66958
1.64946
0.920302
0.54092
0.622304
1.36214
0.557877
3.11489
1.4097
2.27361
2.23108
2.9799
2.18287
3.12216
2.97655
1.96092
1.06981
1.88349
3.29102
1.0578
1.97211
1.57247
0.769241
1.43024
1.48523
2.01861
0.915132
3.05364
1.5586
0.827233
1.72244
1.87705
0.942752
2.553
1.09667
1.27213
1.48175
0.563413
1.41266
0.611167
1.25582
2.07146
1.41303
0.578181
0.429625
0.965507
1.96772
0.522354
2.19974
1.66649
0.234899
0.499128
1.32294
1.43
1.38371
3.34545
0.947889
2.34549
2.07992
2.0551
1.74582
1.4977
0.81113
1.53405
1.97656
0.444434
0.575785
0.585633
1.60683
2.07154
0.222493
2.8016
1.51746
1.03644
1.33403
1.39396
1.94867
0.688339
2.27053
0.635238
0.786142
2.41737
1.48017
2.06138
2.74486
0.370401
3.49609
0.740306
0.708149
3.15874
1.21646
0.904924
1.5913
3.02527
2.33205
2.70531
1.36934
1.3455
2.46318
1.122
1.86954
1.73295
1.10751
1.83618
0.954639
1.09972
1.00304
2.04772
0.578891
1.8125
1.03637
1.44076
0.619844
3.31567
2.80474
1.50972
0.509416
0.510409
2.47413
2.64728
1.71232
1.00653
1.37966
2.06492
1.35128
1.96456
0.710931
1.21287
1.81546
3.35445
1.07904
1.01008
2.00778
2.90241
1.3677
1.0575
0.302979
1.56728
2.90332
1.03879
0.60206
2.31753
0.836671
2.10474
1.13729
2.06999
1.79405
1.55294
1.2708
2.75607
1.10663
1.54383
1.09503
0.946194
2.92258
2.20117
1.58115
1.16836
1.40268
1.60952
1.79174
1.93769
2.79601
3.98438
1.22806
2.30773
1.16016
1.09252
2.89381
1.59692
0.297104
0.852668
2.0848
2.07232
0.512837
0.549249
1.16474
2.49722
1.75196
0.647076
0.773554
2.3453
2.83373
1.14841
2.21605
0.690193
1.69876
1.75365
1.62272
2.50918
1.29074
0.537057
1.61129
3.70747
0.0436448
1.00235
0.562058
0.920605
2.12077
1.95864
1.46288
1.31502
2.07297
0.958008
0.93039
0.807536
1.37341
3.44387
1.96415
2.01157
1.27254
1.4582
2.58456
1.56872
1.70079
1.69455
0.434978
0.849862
1.99998
2.00126
2.82682
1.16453
0.376154
1.77998
2.23769
0.674237
0.573032
2.63407
2.36326
1.57332
2.35211
0.920995
0.607784
0.616095
2.40739
0.351452
1.44326
2.36483
2.95933
1.3138
0.130991
2.02099
0.837107
1.25759
1.05097
2.25339
1.61591
1.79696
2.11104
3.76709
0.459336
1.15236
1.5705
0.631804
0.924423
1.34714
1.48972
0.468019
1.22021
1.93775
1.68491
1.13915
1.09561
0.444145
2.65195
1.06084
1.99129
1.02553
0.453912
0.261799
0.434277
3.17661
1.35024
0.776402
0.414234
2.25178
1.10098
0.184337
1.39672
2.87949
3.25096
1.5454
2.92249
1.91377
0.802608
1.37584
1.4007
0.895341
0.655192
0.95791
2.09186
0.602415
0.377162
1.82353
1.36944
1.29887
1.44001
4.24223
1.50441
1.20985
1.60145
1.28518
1.11959
1.54664
1.50905
0.989417
0.468863
0.610439
0.399782
0.530812
1.63477
0.513801
2.1307
1.63728
1.29997
2.03947
1.80761
1.97411
3.185
0.681359
0.786714
0.712986
1.5114
1.64697
2.27601
0.387598
2.06787
0.840674
1.36791
1.07866
0.749404
1.34282
2.4571
2.18122
0.517559
0.846016
1.0871
1.11512
2.67111
3.03671
1.64152
1.65962
2.3835
1.57363
3.823
0.24747
3.28509
1.92193
0.243207
0.419527
2.40825
2.83109
1.43678
1.86671
0.445278
1.4081
1.19878
1.17745
1.86799
1.35588
2.30252
1.5152
1.71646
0.67631
1.78766
0.960916
2.09924
2.56129
1.13676
3.9528
1.63122
1.89473
3.11414
0.868742
2.05586
2.19732
2.93081
1.3389
2.43434
2.15862
1.88128
1.40601
1.97947
0.776377
0.454838
1.57432
0.15374
1.84193
2.47124
0.708951
1.58641
2.44035
2.98472
0.361603
3.16886
0.587815
1.00811
1.32055
2.61941
0.138092
2.07916
1.32474
2.23801
0.720818
1.46649
0.687635
1.65466
1.04463
0.951207
1.03519
2.34361
1.1244
1.65631
2.21225
0.679798
0.717235
1.06684
2.47807
1.92095
0.0533331
1.83953
0.686882
1.11935
1.89708
1.16035
1.64242
2.00318
1.00563
1.20933
1.3932
1.1931
1.37096
0.716185
0.502948
1.56019
2.2433
2.01267
1.52176
1.9161
1.6151
0.753117
0.361943
0.476378
1.9157
2.08395
1.40616
0.547017
0.780117
0.490563
1.88889
0.726031
1.90114
1.24804
1.16472
0.97184
1.88748
3.05041
1.82797
0.635885
0.611682
1.1847
0.845086
0.440669
2.51903
1.23463
0.240501
1.2909
0.529889
0.834246
1.94364
1.35034
2.56648
2.76298
2.12467
0.894178
1.88519
2.67805
2.55624
0.916805
1.47985
0.308409
0.882031
0.645974
2.70353
0.857568
0.831282
1.77727
2.56322
1.60855
0.930529
0.63118
1.02324
0.166912
1.62405
0.892211
1.96991
3.45409
0.341109
1.78324
3.38973
1.67653
0.273998
1.89429
0.898643
1.44138
1.53521
1.1206
2.42524
1.16678
0.370918
1.90533
1.84689
0.737249
2.121
2.24755
0.838508
2.70147
1.88545
1.32222
0.991841
2.14368
2.76979
1.50956
1.44852
2.63257
0.848139
2.67544
0.602942
1.15232
1.88657
0.710391
0.483417
1.09637
2.25432
2.21725
1.84513
0.937701
0.490874
1.71351
2.68547
2.33577
1.75248
2.81595
1.04422
1.16416
2.03953
1.67944
1.7598
2.27312
0.287483
1.24333
0.441205
2.09733
0.615849
1.2321
2.28768
1.20749
0.229986
0.800745
1.5459
2.56529
1.56262
1.97034
0.224285
1.39497
1.73959
1.9624
1.523
1.59127
1.23029
2.11764
1.19677
2.14157
1.03064
0.333721
1.63698
0.386703
1.42016
1.34726
3.3443
2.49199
2.49888
2.49575
1.13925
2.84757
1.64193
3.7883
1.75581
1.21333
2.07327
1.32653
2.39605
1.93035
2.99425
1.3038
2.1492
0.251599
1.19141
1.32184
1.00035
3.24126
0.661333
0.508791
0.957593
1.35445
0.245398
2.17892
0.860786
2.38883
1.15482
2.83536
0.893162
2.29998
1.18177
2.65278
1.40934
1.60019
2.56574
0.950059
1.06177
0.223625
1.21085
1.82547
2.33516
1.44976
1.5455
1.53035
1.35684
1.97091
1.199
1.39228
1.45409
1.24994
3.57768
1.8007
0.517502
2.157
2.30143
0.165944
3.05747
0.617936
2.18126
1.27201
1.80556
1.45727
1.70327
1.27636
0.570503
1.10204
0.212235
2.52103
2.08409
1.39529
2.52895
1.26217
0.301289
1.46031
0.91926
2.0858
0.999926
1.24941
3.04619
2.64486
1.9063
2.71071
1.08214
0.898792
0.947131
1.96254
2.46292
2.1787
0.724775
4.08024
1.31235
2.04235
1.55648
3.39675
1.77978
2.00562
2.63406
0.580322
2.25796
2.15179
3.27686
1.88668
3.09704
2.00688
1.40079
1.3625
0.82266
0.315227
2.23858
0.964309
1.21745
1.2376
2.08378
0.433073
0.260538
2.59817
1.22993
0.585665
0.877666
1.76062
2.35442
3.51321
3.25534
0.8686
1.32473
1.40226
1.42773
3.32697
1.84681
2.0679
3.54502
0.327774
2.10162
1.22838
2.95684
2.23901
1.13156
0.800101
1.77788
2.0042
0.701387
3.62514
2.21874
2.2747
1.03592
1.07472
0.925047
3.29658
0.182468
1.26212
1.57441
0.815316
0.471045
1.01712
3.62673
2.77548
1.41791
2.84197
1.23459
0.600879
0.761046
2.03215
1.40989
0.335234
1.13535
1.14113
1.53997
0.725404
1.03584
1.83847
0.725472
2.61775
1.85859
1.12611
1.41816
1.72732
0.242004
1.8204
1.68313
3.27221
1.53368
2.68476
0.712868
0.810867
3.09041
1.92759
2.48728
1.39484
1.36081
1.31266
1.4945
1.63488
2.34062
1.65367
1.63635
1.17255
1.5664
2.11179
3.3702
1.65141
1.34955
1.15961
1.31255
1.66731
2.52795
1.258
1.43349
1.78184
1.8464
1.14564
1.20835
0.703796
0.510869
1.27523
1.44141
1.62434
2.14841
0.373969
1.22179
1.54046
0.371819
1.43009
0.990329
1.06794
1.94555
1.30175
1.09855
1.34419
2.17044
3.239
1.3136
2.45424
1.81708
2.49408
1.09651
1.51777
0.650997
1.52381
1.71261
1.22557
1.15663
1.31189
0.433994
0.896542
0.727589
2.96864
0.778998
0.272789
1.4988
1.66583
1.58166
1.74727
1.98088
2.44036
2.18643
0.682885
1.0045
2.37133
0.576807
0.857618
0.856323
0.985679
2.36823
0.766231
0.934112
0.410338
0.780779
1.93587
0.940627
2.73699
1.21517
2.08171
0.336013
1.66118
1.01079
0.990662
1.71626
1.43997
2.30409
0.763559
2.00862
2.34712
1.99159
1.65519
1.37933
1.80063
2.29888
1.39525
2.40944
1.09871
0.889988
0.988025
3.46367
1.73858
1.64677
1.29007
0.120251
0.285471
1.16823
3.31648
3.52559
0.920693
2.54937
1.41356
2.43409
1.64222
2.10674
2.77316
2.64898
1.20862
1.13419
0.918957
1.80595
1.43368
0.837583
1.02744
2.24039
3.14522
1.38764
2.26871
2.82044
0.974737
1.99567
1.2546
1.25123
1.01343
0.963361
1.34227
0.962483
1.04737
1.01909
2.11382
2.27554
0.685545
